#: $p_T$			Au+Au $K^+/\pi^+$ $0-10\%$ centrality				
$p_T$	$p_T$ LOW	$p_T$ HIGH	Ratio of Yields	Stat error +	Stat error -	Sys error +	Sys error -
0.55	0.5	0.6	0.191815	0.00484756	-0.00484756	0.00959075	-0.00959075
0.65	0.6	0.7	0.236948	0.00539411	-0.00539411	0.0118474	-0.0118474
0.75	0.7	0.8	0.266404	0.00565552	-0.00565552	0.0133202	-0.0133202
0.85	0.8	0.9	0.29377	0.00614046	-0.00614046	0.0146885	-0.0146885
0.95	0.9	1	0.320538	0.00650796	-0.00650796	0.0160269	-0.0160269
1.05	1	1.1	0.355477	0.00679009	-0.00679009	0.01777385	-0.01777385
1.15	1.1	1.2	0.381694	0.00711706	-0.00711706	0.0190847	-0.0190847
1.25	1.2	1.3	0.386554	0.00703461	-0.00703461	0.0193277	-0.0193277
1.35	1.3	1.4	0.414062	0.00745158	-0.00745158	0.0207031	-0.0207031
1.45	1.4	1.5	0.442846	0.00788203	-0.00788203	0.0221423	-0.0221423
1.55	1.5	1.6	0.446113	0.00777156	-0.00777156	0.02230565	-0.02230565
1.65	1.6	1.7	0.453399	0.00782848	-0.00782848	0.02266995	-0.02266995
1.75	1.7	1.8	0.476765	0.00816587	-0.00816587	0.02383825	-0.02383825
1.85	1.8	1.9	0.507954	0.0086104	-0.0086104	0.0253977	-0.0253977
1.95	1.9	2	0.523628	0.00882701	-0.00882701	0.0261814	-0.0261814
2.1	2	2.2	0.542334	0.00652028	-0.00652028	0.0271167	-0.0271167
2.3	2.2	2.4	0.586269	0.00696617	-0.00696617	0.02931345	-0.02931345
2.5	2.4	2.6	0.630011	0.00773304	-0.00773304	0.03150055	-0.03150055
2.7	2.6	2.8	0.628003	0.00819007	-0.00819007	0.03140015	-0.03140015
2.9	2.8	3	0.644347	0.00926561	-0.00926561	0.03221735	-0.03221735
3.25	3	3.5	0.66206	0.00746554	-0.00746554	0.033103	-0.033103
3.75	3.5	4	0.793484	0.0132437	-0.0132437	0.0396742	-0.0396742
							
#: $p_T$			Au+Au $K^+/\pi^+$ $10-20\%$ centrality				
$p_T$	$p_T$ LOW	$p_T$ HIGH	Ratio of Yields	Stat error +	Stat error -	Sys error +	Sys error -
0.55	0.5	0.6	0.183153	0.0046648	-0.0046648	0.00915765	-0.00915765
0.65	0.6	0.7	0.229351	0.0052556	-0.0052556	0.01146755	-0.01146755
0.75	0.7	0.8	0.258044	0.00552764	-0.00552764	0.0129022	-0.0129022
0.85	0.8	0.9	0.288356	0.00608301	-0.00608301	0.0144178	-0.0144178
0.95	0.9	1	0.314816	0.00646242	-0.00646242	0.0157408	-0.0157408
1.05	1	1.1	0.350741	0.00670082	-0.00670082	0.01753705	-0.01753705
1.15	1.1	1.2	0.375966	0.00701196	-0.00701196	0.0187983	-0.0187983
1.25	1.2	1.3	0.381468	0.00694394	-0.00694394	0.0190734	-0.0190734
1.35	1.3	1.4	0.40818	0.00734926	-0.00734926	0.020409	-0.020409
1.45	1.4	1.5	0.433366	0.00771857	-0.00771857	0.0216683	-0.0216683
1.55	1.5	1.6	0.438216	0.0076391	-0.0076391	0.0219108	-0.0219108
1.65	1.6	1.7	0.44427	0.00767664	-0.00767664	0.0222135	-0.0222135
1.75	1.7	1.8	0.466811	0.00800386	-0.00800386	0.02334055	-0.02334055
1.85	1.8	1.9	0.495777	0.00841519	-0.00841519	0.02478885	-0.02478885
1.95	1.9	2	0.509564	0.00860389	-0.00860389	0.0254782	-0.0254782
2.1	2	2.2	0.526794	0.00634215	-0.00634215	0.0263397	-0.0263397
2.3	2.2	2.4	0.570158	0.00679378	-0.00679378	0.0285079	-0.0285079
2.5	2.4	2.6	0.613074	0.00754909	-0.00754909	0.0306537	-0.0306537
2.7	2.6	2.8	0.619659	0.00812622	-0.00812622	0.03098295	-0.03098295
2.9	2.8	3	0.639243	0.00925	-0.00925	0.03196215	-0.03196215
3.25	3	3.5	0.656283	0.00747463	-0.00747463	0.03281415	-0.03281415
3.75	3.5	4	0.785923	0.0133671	-0.0133671	0.03929615	-0.03929615
							
#: $p_T$			Au+Au $K^+/\pi^+$ $20-40\%$ centrality				
$p_T$	$p_T$ LOW	$p_T$ HIGH	Ratio of Yields	Stat error +	Stat error -	Sys error +	Sys error -
0.55	0.5	0.6	0.182855	0.00341536	-0.00341536	0.00914275	-0.00914275
0.65	0.6	0.7	0.226754	0.00382931	-0.00382931	0.0113377	-0.0113377
0.75	0.7	0.8	0.253475	0.00399606	-0.00399606	0.01267375	-0.01267375
0.85	0.8	0.9	0.285942	0.00445956	-0.00445956	0.0142971	-0.0142971
0.95	0.9	1	0.30782	0.00468948	-0.00468948	0.015391	-0.015391
1.05	1	1.1	0.343004	0.00474578	-0.00474578	0.0171502	-0.0171502
1.15	1.1	1.2	0.366213	0.0049497	-0.0049497	0.01831065	-0.01831065
1.25	1.2	1.3	0.371569	0.00490178	-0.00490178	0.01857845	-0.01857845
1.35	1.3	1.4	0.395563	0.00516269	-0.00516269	0.01977815	-0.01977815
1.45	1.4	1.5	0.42127	0.00544043	-0.00544043	0.0210635	-0.0210635
1.55	1.5	1.6	0.422853	0.00534803	-0.00534803	0.02114265	-0.02114265
1.65	1.6	1.7	0.427477	0.00535798	-0.00535798	0.02137385	-0.02137385
1.75	1.7	1.8	0.449506	0.0055939	-0.0055939	0.0224753	-0.0224753
1.85	1.8	1.9	0.476734	0.00587894	-0.00587894	0.0238367	-0.0238367
1.95	1.9	2	0.490068	0.0060164	-0.0060164	0.0245034	-0.0245034
2.1	2	2.2	0.505519	0.00442666	-0.00442666	0.02527595	-0.02527595
2.3	2.2	2.4	0.545806	0.00473705	-0.00473705	0.0272903	-0.0272903
2.5	2.4	2.6	0.591364	0.0053329	-0.0053329	0.0295682	-0.0295682
2.7	2.6	2.8	0.600624	0.00579476	-0.00579476	0.0300312	-0.0300312
2.9	2.8	3	0.615532	0.0065934	-0.0065934	0.0307766	-0.0307766
3.25	3	3.5	0.648284	0.00553304	-0.00553304	0.0324142	-0.0324142
3.75	3.5	4	0.781346	0.0102426	-0.0102426	0.0390673	-0.0390673
							
#: $p_T$			Au+Au $K^+/\pi^+$ $40-60\%$ centrality				
$p_T$	$p_T$ LOW	$p_T$ HIGH	Ratio of Yields	Stat error +	Stat error -	Sys error +	Sys error -
0.55	0.5	0.6	0.176963	0.00352989	-0.00352989	0.00884815	-0.00884815
0.65	0.6	0.7	0.22137	0.00400909	-0.00400909	0.0110685	-0.0110685
0.75	0.7	0.8	0.243446	0.00419038	-0.00419038	0.0121723	-0.0121723
0.85	0.8	0.9	0.273387	0.00469126	-0.00469126	0.01366935	-0.01366935
0.95	0.9	1	0.294083	0.00498755	-0.00498755	0.01470415	-0.01470415
1.05	1	1.1	0.32685	0.00461964	-0.00461964	0.0163425	-0.0163425
1.15	1.1	1.2	0.346721	0.00478931	-0.00478931	0.01733605	-0.01733605
1.25	1.2	1.3	0.350078	0.00472706	-0.00472706	0.0175039	-0.0175039
1.35	1.3	1.4	0.371898	0.00497558	-0.00497558	0.0185949	-0.0185949
1.45	1.4	1.5	0.395132	0.00524105	-0.00524105	0.0197566	-0.0197566
1.55	1.5	1.6	0.396556	0.00515604	-0.00515604	0.0198278	-0.0198278
1.65	1.6	1.7	0.39874	0.00515216	-0.00515216	0.019937	-0.019937
1.75	1.7	1.8	0.41833	0.0053807	-0.0053807	0.0209165	-0.0209165
1.85	1.8	1.9	0.44163	0.00564743	-0.00564743	0.0220815	-0.0220815
1.95	1.9	2	0.454087	0.00579923	-0.00579923	0.02270435	-0.02270435
2.1	2	2.2	0.469248	0.00430029	-0.00430029	0.0234624	-0.0234624
2.3	2.2	2.4	0.513212	0.00472125	-0.00472125	0.0256606	-0.0256606
2.5	2.4	2.6	0.55363	0.00537641	-0.00537641	0.0276815	-0.0276815
2.7	2.6	2.8	0.563757	0.00599235	-0.00599235	0.02818785	-0.02818785
2.9	2.8	3	0.581434	0.00705665	-0.00705665	0.0290717	-0.0290717
3.25	3	3.5	0.601117	0.00607916	-0.00607916	0.03005585	-0.03005585
3.75	3.5	4	0.734534	0.0122216	-0.0122216	0.0367267	-0.0367267
							
#: $p_T$			Au+Au $K^+/\pi^+$ $60-92\%$ centrality				
$p_T$	$p_T$ LOW	$p_T$ HIGH	Ratio of Yields	Stat error +	Stat error -	Sys error +	Sys error -
0.55	0.5	0.6	0.172711	0.00387238	-0.00387238	0.00863555	-0.00863555
0.65	0.6	0.7	0.208416	0.00433668	-0.00433668	0.0104208	-0.0104208
0.75	0.7	0.8	0.227181	0.0046482	-0.0046482	0.01135905	-0.01135905
0.85	0.8	0.9	0.253964	0.00538622	-0.00538622	0.0126982	-0.0126982
0.95	0.9	1	0.272011	0.00592545	-0.00592545	0.01360055	-0.01360055
1.05	1	1.1	0.300001	0.00408709	-0.00408709	0.01500005	-0.01500005
1.15	1.1	1.2	0.320393	0.00428336	-0.00428336	0.01601965	-0.01601965
1.25	1.2	1.3	0.31923	0.00419487	-0.00419487	0.0159615	-0.0159615
1.35	1.3	1.4	0.339789	0.00443912	-0.00443912	0.01698945	-0.01698945
1.45	1.4	1.5	0.360044	0.00470606	-0.00470606	0.0180022	-0.0180022
1.55	1.5	1.6	0.357778	0.00462474	-0.00462474	0.0178889	-0.0178889
1.65	1.6	1.7	0.364431	0.00472506	-0.00472506	0.01822155	-0.01822155
1.75	1.7	1.8	0.384038	0.00501658	-0.00501658	0.0192019	-0.0192019
1.85	1.8	1.9	0.405428	0.00533934	-0.00533934	0.0202714	-0.0202714
1.95	1.9	2	0.414376	0.00553397	-0.00553397	0.0207188	-0.0207188
2.1	2	2.2	0.438533	0.00429648	-0.00429648	0.02192665	-0.02192665
2.3	2.2	2.4	0.477893	0.00491632	-0.00491632	0.02389465	-0.02389465
2.5	2.4	2.6	0.521709	0.00597304	-0.00597304	0.02608545	-0.02608545
2.7	2.6	2.8	0.520024	0.00692874	-0.00692874	0.0260012	-0.0260012
2.9	2.8	3	0.542288	0.00871878	-0.00871878	0.0271144	-0.0271144
3.25	3	3.5	0.562947	0.00813747	-0.00813747	0.02814735	-0.02814735
3.75	3.5	4	0.680129	0.0175404	-0.0175404	0.03400645	-0.03400645
							
#: $p_T$			Au+Au $K^-/\pi^-$ $0-10\%$ centrality				
$p_T$	$p_T$ LOW	$p_T$ HIGH	Ratio of Yields	Stat error +	Stat error -	Sys error +	Sys error -
0.55	0.5	0.6	0.180124	0.00469205	-0.00469205	0.0090062	-0.0090062
0.65	0.6	0.7	0.213506	0.00495036	-0.00495036	0.0106753	-0.0106753
0.75	0.7	0.8	0.260723	0.0056964	-0.0056964	0.01303615	-0.01303615
0.85	0.8	0.9	0.293675	0.00632023	-0.00632023	0.01468375	-0.01468375
0.95	0.9	1	0.305657	0.00637353	-0.00637353	0.01528285	-0.01528285
1.05	1	1.1	0.330139	0.00653144	-0.00653144	0.01650695	-0.01650695
1.15	1.1	1.2	0.345311	0.00655181	-0.00655181	0.01726555	-0.01726555
1.25	1.2	1.3	0.371705	0.00692686	-0.00692686	0.01858525	-0.01858525
1.35	1.3	1.4	0.383139	0.00702515	-0.00702515	0.01915695	-0.01915695
1.45	1.4	1.5	0.392951	0.00705327	-0.00705327	0.01964755	-0.01964755
1.55	1.5	1.6	0.41846	0.00742321	-0.00742321	0.020923	-0.020923
1.65	1.6	1.7	0.428074	0.00749789	-0.00749789	0.0214037	-0.0214037
1.75	1.7	1.8	0.452065	0.00784701	-0.00784701	0.02260325	-0.02260325
1.85	1.8	1.9	0.468564	0.00802175	-0.00802175	0.0234282	-0.0234282
1.95	1.9	2	0.50375	0.00864671	-0.00864671	0.0251875	-0.0251875
2.1	2	2.2	0.518075	0.00626171	-0.00626171	0.02590375	-0.02590375
2.3	2.2	2.4	0.569525	0.00689552	-0.00689552	0.02847625	-0.02847625
2.5	2.4	2.6	0.577542	0.00714882	-0.00714882	0.0288771	-0.0288771
2.7	2.6	2.8	0.589373	0.00775349	-0.00775349	0.02946865	-0.02946865
2.9	2.8	3	0.59469	0.00860529	-0.00860529	0.0297345	-0.0297345
3.25	3	3.5	0.622467	0.00712769	-0.00712769	0.03112335	-0.03112335
3.75	3.5	4	0.691758	0.0118492	-0.0118492	0.0345879	-0.0345879
							
#: $p_T$			Au+Au $K^-/\pi^-$ $10-20\%$ centrality				
$p_T$	$p_T$ LOW	$p_T$ HIGH	Ratio of Yields	Stat error +	Stat error -	Sys error +	Sys error -
0.55	0.5	0.6	0.174965	0.00458902	-0.00458902	0.00874825	-0.00874825
0.65	0.6	0.7	0.207804	0.00485467	-0.00485467	0.0103902	-0.0103902
0.75	0.7	0.8	0.254592	0.00560134	-0.00560134	0.0127296	-0.0127296
0.85	0.8	0.9	0.288639	0.00626772	-0.00626772	0.01443195	-0.01443195
0.95	0.9	1	0.297428	0.0062684	-0.0062684	0.0148714	-0.0148714
1.05	1	1.1	0.32523	0.00644008	-0.00644008	0.0162615	-0.0162615
1.15	1.1	1.2	0.340353	0.0064627	-0.0064627	0.01701765	-0.01701765
1.25	1.2	1.3	0.365228	0.00681036	-0.00681036	0.0182614	-0.0182614
1.35	1.3	1.4	0.377029	0.00691777	-0.00691777	0.01885145	-0.01885145
1.45	1.4	1.5	0.38519	0.00691885	-0.00691885	0.0192595	-0.0192595
1.55	1.5	1.6	0.410574	0.00729153	-0.00729153	0.0205287	-0.0205287
1.65	1.6	1.7	0.418961	0.00734783	-0.00734783	0.02094805	-0.02094805
1.75	1.7	1.8	0.441629	0.0076747	-0.0076747	0.02208145	-0.02208145
1.85	1.8	1.9	0.455761	0.00781867	-0.00781867	0.02278805	-0.02278805
1.95	1.9	2	0.488289	0.00839744	-0.00839744	0.02441445	-0.02441445
2.1	2	2.2	0.502343	0.00608177	-0.00608177	0.02511715	-0.02511715
2.3	2.2	2.4	0.550368	0.00668269	-0.00668269	0.0275184	-0.0275184
2.5	2.4	2.6	0.560911	0.00697348	-0.00697348	0.02804555	-0.02804555
2.7	2.6	2.8	0.578366	0.00764881	-0.00764881	0.0289183	-0.0289183
2.9	2.8	3	0.584698	0.00852843	-0.00852843	0.0292349	-0.0292349
3.25	3	3.5	0.610403	0.00705475	-0.00705475	0.03052015	-0.03052015
3.75	3.5	4	0.690775	0.0120291	-0.0120291	0.03453875	-0.03453875
							
#: $p_T$			Au+Au $K^-/\pi^-$ $20-40\%$ centrality				
$p_T$	$p_T$ LOW	$p_T$ HIGH	Ratio of Yields	Stat error +	Stat error -	Sys error +	Sys error -
0.55	0.5	0.6	0.173816	0.00334351	-0.00334351	0.0086908	-0.0086908
0.65	0.6	0.7	0.20469	0.00351344	-0.00351344	0.0102345	-0.0102345
0.75	0.7	0.8	0.252391	0.00409159	-0.00409159	0.01261955	-0.01261955
0.85	0.8	0.9	0.280502	0.00449534	-0.00449534	0.0140251	-0.0140251
0.95	0.9	1	0.289266	0.00452413	-0.00452413	0.0144633	-0.0144633
1.05	1	1.1	0.319359	0.00458046	-0.00458046	0.01596795	-0.01596795
1.15	1.1	1.2	0.33304	0.00458234	-0.00458234	0.016652	-0.016652
1.25	1.2	1.3	0.356917	0.00482374	-0.00482374	0.01784585	-0.01784585
1.35	1.3	1.4	0.366707	0.00488007	-0.00488007	0.01833535	-0.01833535
1.45	1.4	1.5	0.374241	0.00487707	-0.00487707	0.01871205	-0.01871205
1.55	1.5	1.6	0.396353	0.005108	-0.005108	0.01981765	-0.01981765
1.65	1.6	1.7	0.402435	0.00512061	-0.00512061	0.02012175	-0.02012175
1.75	1.7	1.8	0.422591	0.00533659	-0.00533659	0.02112955	-0.02112955
1.85	1.8	1.9	0.438137	0.0054645	-0.0054645	0.02190685	-0.02190685
1.95	1.9	2	0.467226	0.00584541	-0.00584541	0.0233613	-0.0233613
2.1	2	2.2	0.48195	0.00424747	-0.00424747	0.0240975	-0.0240975
2.3	2.2	2.4	0.528878	0.00468544	-0.00468544	0.0264439	-0.0264439
2.5	2.4	2.6	0.53796	0.00489911	-0.00489911	0.026898	-0.026898
2.7	2.6	2.8	0.551174	0.00536868	-0.00536868	0.0275587	-0.0275587
2.9	2.8	3	0.565654	0.0061214	-0.0061214	0.0282827	-0.0282827
3.25	3	3.5	0.599431	0.00521201	-0.00521201	0.02997155	-0.02997155
3.75	3.5	4	0.663176	0.00895482	-0.00895482	0.0331588	-0.0331588
							
#: $p_T$			Au+Au $K^-/\pi^-$ $40-60\%$ centrality				
$p_T$	$p_T$ LOW	$p_T$ HIGH	Ratio of Yields	Stat error +	Stat error -	Sys error +	Sys error -
0.55	0.5	0.6	0.168834	0.00347672	-0.00347672	0.0084417	-0.0084417
0.65	0.6	0.7	0.203832	0.00375538	-0.00375538	0.0101916	-0.0101916
0.75	0.7	0.8	0.248213	0.00436235	-0.00436235	0.01241065	-0.01241065
0.85	0.8	0.9	0.273898	0.00481574	-0.00481574	0.0136949	-0.0136949
0.95	0.9	1	0.281298	0.00491962	-0.00491962	0.0140649	-0.0140649
1.05	1	1.1	0.304218	0.00445931	-0.00445931	0.0152109	-0.0152109
1.15	1.1	1.2	0.316223	0.00445146	-0.00445146	0.01581115	-0.01581115
1.25	1.2	1.3	0.337652	0.00467453	-0.00467453	0.0168826	-0.0168826
1.35	1.3	1.4	0.345226	0.00471361	-0.00471361	0.0172613	-0.0172613
1.45	1.4	1.5	0.351474	0.00470718	-0.00470718	0.0175737	-0.0175737
1.55	1.5	1.6	0.371455	0.00492728	-0.00492728	0.01857275	-0.01857275
1.65	1.6	1.7	0.375291	0.00492945	-0.00492945	0.01876455	-0.01876455
1.75	1.7	1.8	0.39344	0.00513445	-0.00513445	0.019672	-0.019672
1.85	1.8	1.9	0.405968	0.00525864	-0.00525864	0.0202984	-0.0202984
1.95	1.9	2	0.432645	0.00563973	-0.00563973	0.02163225	-0.02163225
2.1	2	2.2	0.448249	0.00414267	-0.00414267	0.02241245	-0.02241245
2.3	2.2	2.4	0.490871	0.00461204	-0.00461204	0.02454355	-0.02454355
2.5	2.4	2.6	0.499293	0.00491995	-0.00491995	0.02496465	-0.02496465
2.7	2.6	2.8	0.515604	0.00556211	-0.00556211	0.0257802	-0.0257802
2.9	2.8	3	0.527238	0.00649319	-0.00649319	0.0263619	-0.0263619
3.25	3	3.5	0.566725	0.00586144	-0.00586144	0.02833625	-0.02833625
3.75	3.5	4	0.637385	0.0109326	-0.0109326	0.03186925	-0.03186925
							
#: $p_T$			Au+Au $K^-/\pi^-$ $60-92\%$ centrality				
$p_T$	$p_T$ LOW	$p_T$ HIGH	Ratio of Yields	Stat error +	Stat error -	Sys error +	Sys error -
0.55	0.5	0.6	0.163726	0.00379698	-0.00379698	0.0081863	-0.0081863
0.65	0.6	0.7	0.19903	0.00416061	-0.00416061	0.0099515	-0.0099515
0.75	0.7	0.8	0.232572	0.00484485	-0.00484485	0.0116286	-0.0116286
0.85	0.8	0.9	0.25362	0.00547505	-0.00547505	0.012681	-0.012681
0.95	0.9	1	0.256485	0.0057673	-0.0057673	0.01282425	-0.01282425
1.05	1	1.1	0.279249	0.00394666	-0.00394666	0.01396245	-0.01396245
1.15	1.1	1.2	0.28913	0.00394283	-0.00394283	0.0144565	-0.0144565
1.25	1.2	1.3	0.306533	0.00413633	-0.00413633	0.01532665	-0.01532665
1.35	1.3	1.4	0.314922	0.00421088	-0.00421088	0.0157461	-0.0157461
1.45	1.4	1.5	0.316979	0.00418924	-0.00418924	0.01584895	-0.01584895
1.55	1.5	1.6	0.339989	0.00448339	-0.00448339	0.01699945	-0.01699945
1.65	1.6	1.7	0.340403	0.00449492	-0.00449492	0.01702015	-0.01702015
1.75	1.7	1.8	0.35857	0.00476954	-0.00476954	0.0179285	-0.0179285
1.85	1.8	1.9	0.371097	0.0049603	-0.0049603	0.01855485	-0.01855485
1.95	1.9	2	0.395409	0.00541092	-0.00541092	0.01977045	-0.01977045
2.1	2	2.2	0.411788	0.00409473	-0.00409473	0.0205894	-0.0205894
2.3	2.2	2.4	0.463059	0.00487145	-0.00487145	0.02315295	-0.02315295
2.5	2.4	2.6	0.475979	0.00555012	-0.00555012	0.02379895	-0.02379895
2.7	2.6	2.8	0.485543	0.00661227	-0.00661227	0.02427715	-0.02427715
2.9	2.8	3	0.50868	0.0083467	-0.0083467	0.025434	-0.025434
3.25	3	3.5	0.51519	0.00768943	-0.00768943	0.0257595	-0.0257595
3.75	3.5	4	0.567214	0.0152801	-0.0152801	0.0283607	-0.0283607
