#: $p_T$			Au+Au $p/\pi^+$ $0-10\%$ centrality				
$p_T$	$p_T$ LOW	$p_T$ HIGH	Ratio of Yields	Stat error +	Stat error -	Sys error +	Sys error -
0.55	0.5	0.6	0.0348363	0.000744257	-0.000744257	0.001741815	-0.001741815
0.65	0.6	0.7	0.0569975	0.0010814	-0.0010814	0.002849875	-0.002849875
0.75	0.7	0.8	0.0867383	0.00156855	-0.00156855	0.004336915	-0.004336915
0.85	0.8	0.9	0.120128	0.00213875	-0.00213875	0.0060064	-0.0060064
0.95	0.9	1	0.156397	0.00273885	-0.00273885	0.00781985	-0.00781985
1.05	1	1.1	0.202404	0.00332417	-0.00332417	0.0101202	-0.0101202
1.15	1.1	1.2	0.256423	0.00417395	-0.00417395	0.01282115	-0.01282115
1.25	1.2	1.3	0.303188	0.0049165	-0.0049165	0.0151594	-0.0151594
1.35	1.3	1.4	0.353144	0.00568633	-0.00568633	0.0176572	-0.0176572
1.45	1.4	1.5	0.420734	0.0067547	-0.0067547	0.0210367	-0.0210367
1.55	1.5	1.6	0.457962	0.00728959	-0.00728959	0.0228981	-0.0228981
1.65	1.6	1.7	0.507772	0.00811835	-0.00811835	0.0253886	-0.0253886
1.75	1.7	1.8	0.551022	0.00875052	-0.00875052	0.0275511	-0.0275511
1.85	1.8	1.9	0.600246	0.00943879	-0.00943879	0.0300123	-0.0300123
1.95	1.9	2	0.646921	0.0101963	-0.0101963	0.03234605	-0.03234605
2.1	2	2.2	0.682455	0.00772152	-0.00772152	0.03412275	-0.03412275
2.3	2.2	2.4	0.726065	0.00816511	-0.00816511	0.03630325	-0.03630325
2.5	2.4	2.6	0.766823	0.00874833	-0.00874833	0.03834115	-0.03834115
2.7	2.6	2.8	0.755392	0.00898989	-0.00898989	0.0377696	-0.0377696
2.9	2.8	3	0.73934	0.00937269	-0.00937269	0.036967	-0.036967
3.25	3	3.5	0.707294	0.00671803	-0.00671803	0.0353647	-0.0353647
3.75	3.5	4	0.668429	0.00861235	-0.00861235	0.03342145	-0.03342145
4.25	4	4.5	0.612709	0.0121777	-0.0121777	0.03063545	-0.03063545
4.75	4.5	5	0.50792	0.0154496	-0.0154496	0.025396	-0.025396
5.25	5	5.5	0.429897	0.0386077	-0.0386077	0.02149485	-0.02149485
5.75	5.5	6	0.38308	0.0511017	-0.0511017	0.019154	-0.019154
							
#: $p_T$			Au+Au $p/\pi^+$ $10-20\%$ centrality				
$p_T$	$p_T$ LOW	$p_T$ HIGH	Ratio of Yields	Stat error +	Stat error -	Sys error +	Sys error -
0.55	0.5	0.6	0.0341019	0.00073886	-0.00073886	0.001705095	-0.001705095
0.65	0.6	0.7	0.0564876	0.00108474	-0.00108474	0.00282438	-0.00282438
0.75	0.7	0.8	0.0865156	0.00158062	-0.00158062	0.00432578	-0.00432578
0.85	0.8	0.9	0.118541	0.00213451	-0.00213451	0.00592705	-0.00592705
0.95	0.9	1	0.153932	0.00272513	-0.00272513	0.0076966	-0.0076966
1.05	1	1.1	0.199431	0.0032765	-0.0032765	0.00997155	-0.00997155
1.15	1.1	1.2	0.250526	0.00407933	-0.00407933	0.0125263	-0.0125263
1.25	1.2	1.3	0.295694	0.00479659	-0.00479659	0.0147847	-0.0147847
1.35	1.3	1.4	0.34278	0.00552193	-0.00552193	0.017139	-0.017139
1.45	1.4	1.5	0.405318	0.00651087	-0.00651087	0.0202659	-0.0202659
1.55	1.5	1.6	0.440507	0.00701608	-0.00701608	0.02202535	-0.02202535
1.65	1.6	1.7	0.484525	0.007752	-0.007752	0.02422625	-0.02422625
1.75	1.7	1.8	0.524213	0.00833251	-0.00833251	0.02621065	-0.02621065
1.85	1.8	1.9	0.567575	0.00893446	-0.00893446	0.02837875	-0.02837875
1.95	1.9	2	0.610253	0.00963089	-0.00963089	0.03051265	-0.03051265
2.1	2	2.2	0.635891	0.00720116	-0.00720116	0.03179455	-0.03179455
2.3	2.2	2.4	0.675582	0.00761291	-0.00761291	0.0337791	-0.0337791
2.5	2.4	2.6	0.7109	0.00814017	-0.00814017	0.035545	-0.035545
2.7	2.6	2.8	0.709227	0.00848626	-0.00848626	0.03546135	-0.03546135
2.9	2.8	3	0.684986	0.008746	-0.008746	0.0342493	-0.0342493
3.25	3	3.5	0.663596	0.00637174	-0.00637174	0.0331798	-0.0331798
3.75	3.5	4	0.638355	0.00839368	-0.00839368	0.03191775	-0.03191775
4.25	4	4.5	0.591149	0.0119448	-0.0119448	0.02955745	-0.02955745
4.75	4.5	5	0.52844	0.0168527	-0.0168527	0.026422	-0.026422
5.25	5	5.5	0.504591	0.0483179	-0.0483179	0.02522955	-0.02522955
5.75	5.5	6	0.429804	0.0604869	-0.0604869	0.0214902	-0.0214902
							
#: $p_T$			Au+Au $p/\pi^+$ $20-40\%$ centrality				
$p_T$	$p_T$ LOW	$p_T$ HIGH	Ratio of Yields	Stat error +	Stat error -	Sys error +	Sys error -
0.55	0.5	0.6	0.0355454	0.000572424	-0.000572424	0.00177727	-0.00177727
0.65	0.6	0.7	0.0598437	0.000847628	-0.000847628	0.002992185	-0.002992185
0.75	0.7	0.8	0.090529	0.00122134	-0.00122134	0.00452645	-0.00452645
0.85	0.8	0.9	0.122727	0.00163206	-0.00163206	0.00613635	-0.00613635
0.95	0.9	1	0.157599	0.00206711	-0.00206711	0.00787995	-0.00787995
1.05	1	1.1	0.200704	0.0023843	-0.0023843	0.0100352	-0.0100352
1.15	1.1	1.2	0.24924	0.00293634	-0.00293634	0.012462	-0.012462
1.25	1.2	1.3	0.290006	0.0034066	-0.0034066	0.0145003	-0.0145003
1.35	1.3	1.4	0.331682	0.0038704	-0.0038704	0.0165841	-0.0165841
1.45	1.4	1.5	0.388851	0.00452799	-0.00452799	0.01944255	-0.01944255
1.55	1.5	1.6	0.417273	0.00482102	-0.00482102	0.02086365	-0.02086365
1.65	1.6	1.7	0.454968	0.00528119	-0.00528119	0.0227484	-0.0227484
1.75	1.7	1.8	0.488476	0.00563828	-0.00563828	0.0244238	-0.0244238
1.85	1.8	1.9	0.524293	0.00599803	-0.00599803	0.02621465	-0.02621465
1.95	1.9	2	0.558706	0.00641429	-0.00641429	0.0279353	-0.0279353
2.1	2	2.2	0.58142	0.00479249	-0.00479249	0.029071	-0.029071
2.3	2.2	2.4	0.608971	0.00500802	-0.00500802	0.03044855	-0.03044855
2.5	2.4	2.6	0.635825	0.00533659	-0.00533659	0.03179125	-0.03179125
2.7	2.6	2.8	0.630645	0.0055586	-0.0055586	0.03153225	-0.03153225
2.9	2.8	3	0.606145	0.005748	-0.005748	0.03030725	-0.03030725
3.25	3	3.5	0.58808	0.00424665	-0.00424665	0.029404	-0.029404
3.75	3.5	4	0.581099	0.00592475	-0.00592475	0.02905495	-0.02905495
4.25	4	4.5	0.549037	0.00884299	-0.00884299	0.02745185	-0.02745185
4.75	4.5	5	0.466166	0.0118312	-0.0118312	0.0233083	-0.0233083
5.25	5	5.5	0.431408	0.0316056	-0.0316056	0.0215704	-0.0215704
5.75	5.5	6	0.485881	0.0579025	-0.0579025	0.02429405	-0.02429405
							
#: $p_T$			Au+Au $p/\pi^+$ $40-60\%$ centrality				
$p_T$	$p_T$ LOW	$p_T$ HIGH	Ratio of Yields	Stat error +	Stat error -	Sys error +	Sys error -
0.55	0.5	0.6	0.0415916	0.000732746	-0.000732746	0.00207958	-0.00207958
0.65	0.6	0.7	0.0670845	0.00103625	-0.00103625	0.003354225	-0.003354225
0.75	0.7	0.8	0.0998262	0.00146918	-0.00146918	0.00499131	-0.00499131
0.85	0.8	0.9	0.132994	0.0019369	-0.0019369	0.0066497	-0.0066497
0.95	0.9	1	0.167097	0.00243217	-0.00243217	0.00835485	-0.00835485
1.05	1	1.1	0.205905	0.00249383	-0.00249383	0.01029525	-0.01029525
1.15	1.1	1.2	0.248441	0.00298856	-0.00298856	0.01242205	-0.01242205
1.25	1.2	1.3	0.283013	0.0033978	-0.0033978	0.01415065	-0.01415065
1.35	1.3	1.4	0.316852	0.00378683	-0.00378683	0.0158426	-0.0158426
1.45	1.4	1.5	0.362918	0.0043325	-0.0043325	0.0181459	-0.0181459
1.55	1.5	1.6	0.382468	0.00453992	-0.00453992	0.0191234	-0.0191234
1.65	1.6	1.7	0.409087	0.00488897	-0.00488897	0.02045435	-0.02045435
1.75	1.7	1.8	0.434395	0.00517517	-0.00517517	0.02171975	-0.02171975
1.85	1.8	1.9	0.457668	0.00542039	-0.00542039	0.0228834	-0.0228834
1.95	1.9	2	0.479299	0.00571682	-0.00571682	0.02396495	-0.02396495
2.1	2	2.2	0.492029	0.00423707	-0.00423707	0.02460145	-0.02460145
2.3	2.2	2.4	0.504211	0.00438724	-0.00438724	0.02521055	-0.02521055
2.5	2.4	2.6	0.518863	0.00469578	-0.00469578	0.02594315	-0.02594315
2.7	2.6	2.8	0.506001	0.00492349	-0.00492349	0.02530005	-0.02530005
2.9	2.8	3	0.487451	0.0052438	-0.0052438	0.02437255	-0.02437255
3.25	3	3.5	0.469073	0.00402319	-0.00402319	0.02345365	-0.02345365
3.75	3.5	4	0.460236	0.0060476	-0.0060476	0.0230118	-0.0230118
4.25	4	4.5	0.442599	0.00962279	-0.00962279	0.02212995	-0.02212995
4.75	4.5	5	0.407832	0.0143685	-0.0143685	0.0203916	-0.0203916
5.25	5	5.5	0.311329	0.031581	-0.031581	0.01556645	-0.01556645
5.75	5.5	6	0.48987	0.0881075	-0.0881075	0.0244935	-0.0244935
							
#: $p_T$			Au+Au $p/\pi^+$ $60-92\%$ centrality				
$p_T$	$p_T$ LOW	$p_T$ HIGH	Ratio of Yields	Stat error +	Stat error -	Sys error +	Sys error -
0.55	0.5	0.6	0.0492874	0.00100913	-0.00100913	0.00246437	-0.00246437
0.65	0.6	0.7	0.0813142	0.00144541	-0.00144541	0.00406571	-0.00406571
0.75	0.7	0.8	0.112827	0.00196206	-0.00196206	0.00564135	-0.00564135
0.85	0.8	0.9	0.144122	0.00253909	-0.00253909	0.0072061	-0.0072061
0.95	0.9	1	0.172622	0.00314138	-0.00314138	0.0086311	-0.0086311
1.05	1	1.1	0.206791	0.00240584	-0.00240584	0.01033955	-0.01033955
1.15	1.1	1.2	0.242838	0.00281989	-0.00281989	0.0121419	-0.0121419
1.25	1.2	1.3	0.264776	0.00308717	-0.00308717	0.0132388	-0.0132388
1.35	1.3	1.4	0.289192	0.00337344	-0.00337344	0.0144596	-0.0144596
1.45	1.4	1.5	0.322793	0.00379462	-0.00379462	0.01613965	-0.01613965
1.55	1.5	1.6	0.333002	0.00391628	-0.00391628	0.0166501	-0.0166501
1.65	1.6	1.7	0.347487	0.00415204	-0.00415204	0.01737435	-0.01737435
1.75	1.7	1.8	0.360666	0.0043498	-0.0043498	0.0180333	-0.0180333
1.85	1.8	1.9	0.371557	0.00452606	-0.00452606	0.01857785	-0.01857785
1.95	1.9	2	0.38485	0.0047857	-0.0047857	0.0192425	-0.0192425
2.1	2	2.2	0.385909	0.00356637	-0.00356637	0.01929545	-0.01929545
2.3	2.2	2.4	0.390923	0.00385343	-0.00385343	0.01954615	-0.01954615
2.5	2.4	2.6	0.392953	0.00429012	-0.00429012	0.01964765	-0.01964765
2.7	2.6	2.8	0.382734	0.00480014	-0.00480014	0.0191367	-0.0191367
2.9	2.8	3	0.37544	0.00554782	-0.00554782	0.018772	-0.018772
3.25	3	3.5	0.339412	0.00435858	-0.00435858	0.0169706	-0.0169706
3.75	3.5	4	0.328664	0.00701253	-0.00701253	0.0164332	-0.0164332
4.25	4	4.5	0.298465	0.0106069	-0.0106069	0.01492325	-0.01492325
4.75	4.5	5	0.261198	0.015285	-0.015285	0.0130599	-0.0130599
5.25	5	5.5	0.286404	0.0479421	-0.0479421	0.0143202	-0.0143202
5.75	5.5	6	0.337103	0.0904631	-0.0904631	0.01685515	-0.01685515
							
#: $p_T$			Au+Au $\bar{p}/\pi^-$ $0-10\%$ centrality				
$p_T$	$p_T$ LOW	$p_T$ HIGH	Ratio of Yields	Stat error +	Stat error -	Sys error +	Sys error -
0.55	0.5	0.6	0.0253012	0.000625925	-0.000625925	0.00126506	-0.00126506
0.65	0.6	0.7	0.0423257	0.00090903	-0.00090903	0.002116285	-0.002116285
0.75	0.7	0.8	0.0676533	0.00134308	-0.00134308	0.003382665	-0.003382665
0.85	0.8	0.9	0.0892123	0.00170687	-0.00170687	0.004460615	-0.004460615
0.95	0.9	1	0.117525	0.00220458	-0.00220458	0.00587625	-0.00587625
1.05	1	1.1	0.145863	0.00253883	-0.00253883	0.00729315	-0.00729315
1.15	1.1	1.2	0.188517	0.00324619	-0.00324619	0.00942585	-0.00942585
1.25	1.2	1.3	0.217009	0.0036532	-0.0036532	0.01085045	-0.01085045
1.35	1.3	1.4	0.252899	0.00424707	-0.00424707	0.01264495	-0.01264495
1.45	1.4	1.5	0.293849	0.00489317	-0.00489317	0.01469245	-0.01469245
1.55	1.5	1.6	0.327539	0.00537443	-0.00537443	0.01637695	-0.01637695
1.65	1.6	1.7	0.357251	0.00583835	-0.00583835	0.01786255	-0.01786255
1.75	1.7	1.8	0.394219	0.00641234	-0.00641234	0.01971095	-0.01971095
1.85	1.8	1.9	0.433112	0.00699417	-0.00699417	0.0216556	-0.0216556
1.95	1.9	2	0.460151	0.00741499	-0.00741499	0.02300755	-0.02300755
2.1	2	2.2	0.499517	0.0057461	-0.0057461	0.02497585	-0.02497585
2.3	2.2	2.4	0.528272	0.00607627	-0.00607627	0.0264136	-0.0264136
2.5	2.4	2.6	0.552161	0.00646904	-0.00646904	0.02760805	-0.02760805
2.7	2.6	2.8	0.553531	0.00671032	-0.00671032	0.02767655	-0.02767655
2.9	2.8	3	0.54312	0.00701209	-0.00701209	0.027156	-0.027156
3.25	3	3.5	0.52329	0.00507847	-0.00507847	0.0261645	-0.0261645
3.75	3.5	4	0.486483	0.00654863	-0.00654863	0.02432415	-0.02432415
4.25	4	4.5	0.437433	0.00895902	-0.00895902	0.02187165	-0.02187165
4.75	4.5	5	0.43343	0.014013	-0.014013	0.0216715	-0.0216715
5.25	5	5.5	0.321601	0.0292037	-0.0292037	0.01608005	-0.01608005
5.75	5.5	6	0.378605	0.0589904	-0.0589904	0.01893025	-0.01893025
							
#: $p_T$			Au+Au $\bar{p}/\pi^-$ $10-20\%$ centrality				
$p_T$	$p_T$ LOW	$p_T$ HIGH	Ratio of Yields	Stat error +	Stat error -	Sys error +	Sys error -
0.55	0.5	0.6	0.0255335	0.000642507	-0.000642507	0.001276675	-0.001276675
0.65	0.6	0.7	0.0433105	0.000941981	-0.000941981	0.002165525	-0.002165525
0.75	0.7	0.8	0.0688148	0.00138328	-0.00138328	0.00344074	-0.00344074
0.85	0.8	0.9	0.0897337	0.00173747	-0.00173747	0.004486685	-0.004486685
0.95	0.9	1	0.118131	0.0022427	-0.0022427	0.00590655	-0.00590655
1.05	1	1.1	0.144984	0.00252613	-0.00252613	0.0072492	-0.0072492
1.15	1.1	1.2	0.186751	0.0032179	-0.0032179	0.00933755	-0.00933755
1.25	1.2	1.3	0.213392	0.00359531	-0.00359531	0.0106696	-0.0106696
1.35	1.3	1.4	0.247027	0.0041527	-0.0041527	0.01235135	-0.01235135
1.45	1.4	1.5	0.285092	0.00475254	-0.00475254	0.0142546	-0.0142546
1.55	1.5	1.6	0.315824	0.0051878	-0.0051878	0.0157912	-0.0157912
1.65	1.6	1.7	0.343491	0.00562184	-0.00562184	0.01717455	-0.01717455
1.75	1.7	1.8	0.376804	0.00613783	-0.00613783	0.0188402	-0.0188402
1.85	1.8	1.9	0.410917	0.00664855	-0.00664855	0.02054585	-0.02054585
1.95	1.9	2	0.437147	0.00705992	-0.00705992	0.02185735	-0.02185735
2.1	2	2.2	0.469319	0.00541214	-0.00541214	0.02346595	-0.02346595
2.3	2.2	2.4	0.496351	0.00572549	-0.00572549	0.02481755	-0.02481755
2.5	2.4	2.6	0.512338	0.00602896	-0.00602896	0.0256169	-0.0256169
2.7	2.6	2.8	0.513576	0.00626942	-0.00626942	0.0256788	-0.0256788
2.9	2.8	3	0.504525	0.00658181	-0.00658181	0.02522625	-0.02522625
3.25	3	3.5	0.481589	0.00473238	-0.00473238	0.02407945	-0.02407945
3.75	3.5	4	0.455375	0.0062612	-0.0062612	0.02276875	-0.02276875
4.25	4	4.5	0.420201	0.00882204	-0.00882204	0.02101005	-0.02101005
4.75	4.5	5	0.403868	0.0134289	-0.0134289	0.0201934	-0.0201934
5.25	5	5.5	0.284735	0.0261014	-0.0261014	0.01423675	-0.01423675
5.75	5.5	6	0.291035	0.0450846	-0.0450846	0.01455175	-0.01455175
							
#: $p_T$			Au+Au $\bar{p}/\pi^-$ $20-40\%$ centrality				
$p_T$	$p_T$ LOW	$p_T$ HIGH	Ratio of Yields	Stat error +	Stat error -	Sys error +	Sys error -
0.55	0.5	0.6	0.0270641	0.000507896	-0.000507896	0.001353205	-0.001353205
0.65	0.6	0.7	0.0456812	0.000735865	-0.000735865	0.00228406	-0.00228406
0.75	0.7	0.8	0.0730853	0.00108644	-0.00108644	0.003654265	-0.003654265
0.85	0.8	0.9	0.093855	0.00134649	-0.00134649	0.00469275	-0.00469275
0.95	0.9	1	0.120575	0.00170197	-0.00170197	0.00602875	-0.00602875
1.05	1	1.1	0.148384	0.00186901	-0.00186901	0.0074192	-0.0074192
1.15	1.1	1.2	0.188301	0.00234727	-0.00234727	0.00941505	-0.00941505
1.25	1.2	1.3	0.211676	0.00258143	-0.00258143	0.0105838	-0.0105838
1.35	1.3	1.4	0.242238	0.00294972	-0.00294972	0.0121119	-0.0121119
1.45	1.4	1.5	0.276656	0.0033433	-0.0033433	0.0138328	-0.0138328
1.55	1.5	1.6	0.303354	0.00361478	-0.00361478	0.0151677	-0.0151677
1.65	1.6	1.7	0.326527	0.00387849	-0.00387849	0.01632635	-0.01632635
1.75	1.7	1.8	0.353984	0.00419088	-0.00419088	0.0176992	-0.0176992
1.85	1.8	1.9	0.383395	0.00451138	-0.00451138	0.01916975	-0.01916975
1.95	1.9	2	0.402245	0.00473331	-0.00473331	0.02011225	-0.02011225
2.1	2	2.2	0.430509	0.00361798	-0.00361798	0.02152545	-0.02152545
2.3	2.2	2.4	0.447138	0.003772	-0.003772	0.0223569	-0.0223569
2.5	2.4	2.6	0.458167	0.00396331	-0.00396331	0.02290835	-0.02290835
2.7	2.6	2.8	0.452863	0.00408957	-0.00408957	0.02264315	-0.02264315
2.9	2.8	3	0.448563	0.00436502	-0.00436502	0.02242815	-0.02242815
3.25	3	3.5	0.427951	0.00318876	-0.00318876	0.02139755	-0.02139755
3.75	3.5	4	0.405091	0.0043505	-0.0043505	0.02025455	-0.02025455
4.25	4	4.5	0.385805	0.0065143	-0.0065143	0.01929025	-0.01929025
4.75	4.5	5	0.370688	0.0100811	-0.0100811	0.0185344	-0.0185344
5.25	5	5.5	0.289734	0.0223707	-0.0223707	0.0144867	-0.0144867
5.75	5.5	6	0.34796	0.0440932	-0.0440932	0.017398	-0.017398
							
#: $p_T$			Au+Au $\bar{p}/\pi^-$ $40-60\%$ centrality				
$p_T$	$p_T$ LOW	$p_T$ HIGH	Ratio of Yields	Stat error +	Stat error -	Sys error +	Sys error -
0.55	0.5	0.6	0.0325705	0.000676987	-0.000676987	0.001628525	-0.001628525
0.65	0.6	0.7	0.052869	0.000938242	-0.000938242	0.00264345	-0.00264345
0.75	0.7	0.8	0.083441	0.00136305	-0.00136305	0.00417205	-0.00417205
0.85	0.8	0.9	0.104942	0.00166809	-0.00166809	0.0052471	-0.0052471
0.95	0.9	1	0.131575	0.00208234	-0.00208234	0.00657875	-0.00657875
1.05	1	1.1	0.155607	0.00199853	-0.00199853	0.00778035	-0.00778035
1.15	1.1	1.2	0.192157	0.00244553	-0.00244553	0.00960785	-0.00960785
1.25	1.2	1.3	0.211227	0.00263569	-0.00263569	0.01056135	-0.01056135
1.35	1.3	1.4	0.235448	0.00293823	-0.00293823	0.0117724	-0.0117724
1.45	1.4	1.5	0.263034	0.00326309	-0.00326309	0.0131517	-0.0131517
1.55	1.5	1.6	0.282167	0.00346041	-0.00346041	0.01410835	-0.01410835
1.65	1.6	1.7	0.297447	0.00364421	-0.00364421	0.01487235	-0.01487235
1.75	1.7	1.8	0.317626	0.00389006	-0.00389006	0.0158813	-0.0158813
1.85	1.8	1.9	0.338862	0.00413814	-0.00413814	0.0169431	-0.0169431
1.95	1.9	2	0.350512	0.00429549	-0.00429549	0.0175256	-0.0175256
2.1	2	2.2	0.367296	0.00324318	-0.00324318	0.0183648	-0.0183648
2.3	2.2	2.4	0.372278	0.00335674	-0.00335674	0.0186139	-0.0186139
2.5	2.4	2.6	0.375444	0.0035441	-0.0035441	0.0187722	-0.0187722
2.7	2.6	2.8	0.362219	0.00367434	-0.00367434	0.01811095	-0.01811095
2.9	2.8	3	0.355583	0.00400277	-0.00400277	0.01777915	-0.01777915
3.25	3	3.5	0.340487	0.00308876	-0.00308876	0.01702435	-0.01702435
3.75	3.5	4	0.322248	0.00452494	-0.00452494	0.0161124	-0.0161124
4.25	4	4.5	0.310718	0.00716609	-0.00716609	0.0155359	-0.0155359
4.75	4.5	5	0.286197	0.0107504	-0.0107504	0.01430985	-0.01430985
5.25	5	5.5	0.209628	0.0229171	-0.0229171	0.0104814	-0.0104814
5.75	5.5	6	0.301178	0.0513685	-0.0513685	0.0150589	-0.0150589
							
#: $p_T$			Au+Au $\bar{p}/\pi^-$ $60-92\%$ centrality				
$p_T$	$p_T$ LOW	$p_T$ HIGH	Ratio of Yields	Stat error +	Stat error -	Sys error +	Sys error -
0.55	0.5	0.6	0.0388479	0.000968764	-0.000968764	0.001942395	-0.001942395
0.65	0.6	0.7	0.0679462	0.00139846	-0.00139846	0.00339731	-0.00339731
0.75	0.7	0.8	0.0987534	0.00191998	-0.00191998	0.00493767	-0.00493767
0.85	0.8	0.9	0.113822	0.00223748	-0.00223748	0.0056911	-0.0056911
0.95	0.9	1	0.138654	0.00279836	-0.00279836	0.0069327	-0.0069327
1.05	1	1.1	0.158722	0.00195986	-0.00195986	0.0079361	-0.0079361
1.15	1.1	1.2	0.190174	0.00234365	-0.00234365	0.0095087	-0.0095087
1.25	1.2	1.3	0.201385	0.00244757	-0.00244757	0.01006925	-0.01006925
1.35	1.3	1.4	0.216441	0.00265094	-0.00265094	0.01082205	-0.01082205
1.45	1.4	1.5	0.234518	0.00287604	-0.00287604	0.0117259	-0.0117259
1.55	1.5	1.6	0.246741	0.00302408	-0.00302408	0.01233705	-0.01233705
1.65	1.6	1.7	0.254091	0.00314315	-0.00314315	0.01270455	-0.01270455
1.75	1.7	1.8	0.264734	0.00332233	-0.00332233	0.0132367	-0.0132367
1.85	1.8	1.9	0.278017	0.00353472	-0.00353472	0.01390085	-0.01390085
1.95	1.9	2	0.284187	0.0037027	-0.0037027	0.01420935	-0.01420935
2.1	2	2.2	0.288602	0.00279129	-0.00279129	0.0144301	-0.0144301
2.3	2.2	2.4	0.284996	0.00299047	-0.00299047	0.0142498	-0.0142498
2.5	2.4	2.6	0.284108	0.0033501	-0.0033501	0.0142054	-0.0142054
2.7	2.6	2.8	0.276079	0.00376917	-0.00376917	0.01380395	-0.01380395
2.9	2.8	3	0.265097	0.00431296	-0.00431296	0.01325485	-0.01325485
3.25	3	3.5	0.242021	0.00341688	-0.00341688	0.01210105	-0.01210105
3.75	3.5	4	0.230675	0.00538173	-0.00538173	0.01153375	-0.01153375
4.25	4	4.5	0.203986	0.00782017	-0.00782017	0.0101993	-0.0101993
4.75	4.5	5	0.23681	0.0150171	-0.0150171	0.0118405	-0.0118405
5.25	5	5.5	0.165984	0.0293536	-0.0293536	0.0082992	-0.0082992
5.75	5.5	6	0.14566	0.0382594	-0.0382594	0.007283	-0.007283
