#: $p_T$			Au+Au $\pi^-/\pi^+$ $0-10\%$ centrality				
$p_T$	$p_T$ LOW	$p_T$ HIGH	Ratio of Yields	Stat error +	Stat error -	Sys error +	Sys error -
0.55	0.5	0.6	1.02162	0.0180007	-0.0180007	0.051081	-0.051081
0.65	0.6	0.7	1.04052	0.0175879	-0.0175879	0.052026	-0.052026
0.75	0.7	0.8	0.993558	0.0163567	-0.0163567	0.0496779	-0.0496779
0.85	0.8	0.9	0.999795	0.0166752	-0.0166752	0.04998975	-0.04998975
0.95	0.9	1	0.998336	0.0167047	-0.0167047	0.0499168	-0.0499168
1.05	1	1.1	1.0151	0.0166542	-0.0166542	0.050755	-0.050755
1.15	1.1	1.2	1.01312	0.0163831	-0.0163831	0.050656	-0.050656
1.25	1.2	1.3	0.997878	0.0161138	-0.0161138	0.0498939	-0.0498939
1.35	1.3	1.4	1.01162	0.0162943	-0.0162943	0.050581	-0.050581
1.45	1.4	1.5	1.02703	0.0163822	-0.0163822	0.0513515	-0.0513515
1.55	1.5	1.6	1.00144	0.0158948	-0.0158948	0.050072	-0.050072
1.65	1.6	1.7	0.997837	0.0159105	-0.0159105	0.04989185	-0.04989185
1.75	1.7	1.8	0.992581	0.0157156	-0.0157156	0.04962905	-0.04962905
1.85	1.8	1.9	0.997556	0.0156575	-0.0156575	0.0498778	-0.0498778
1.95	1.9	2	0.996646	0.0156166	-0.0156166	0.0498323	-0.0498323
2.1	2	2.2	0.980159	0.01104	-0.01104	0.04900795	-0.04900795
2.3	2.2	2.4	0.993039	0.0111785	-0.0111785	0.04965195	-0.04965195
2.5	2.4	2.6	1.00436	0.0115856	-0.0115856	0.050218	-0.050218
2.7	2.6	2.8	0.981382	0.0120537	-0.0120537	0.0490691	-0.0490691
2.9	2.8	3	0.996589	0.0134353	-0.0134353	0.04982945	-0.04982945
3.25	3	3.5	0.980379	0.0103408	-0.0103408	0.04901895	-0.04901895
3.75	3.5	4	1.01264	0.0156283	-0.0156283	0.050632	-0.050632
4.25	4	4.5	1.05311	0.025687	-0.025687	0.0526555	-0.0526555
4.75	4.5	5	0.896884	0.0341139	-0.0341139	0.0448442	-0.0448442
5.25	5	5.5	0.932289	0.101047	-0.101047	0.04661445	-0.04661445
5.75	5.5	6	0.646106	0.113276	-0.113276	0.0323053	-0.0323053
							
#: $p_T$			Au+Au $\pi^-/\pi^+$ $10-20\%$ centrality				
$p_T$	$p_T$ LOW	$p_T$ HIGH	Ratio of Yields	Stat error +	Stat error -	Sys error +	Sys error -
0.55	0.5	0.6	1.01946	0.0180129	-0.0180129	0.050973	-0.050973
0.65	0.6	0.7	1.03702	0.0175724	-0.0175724	0.051851	-0.051851
0.75	0.7	0.8	0.993322	0.0164044	-0.0164044	0.0496661	-0.0496661
0.85	0.8	0.9	0.993937	0.016644	-0.016644	0.04969685	-0.04969685
0.95	0.9	1	1.00482	0.0168843	-0.0168843	0.050241	-0.050241
1.05	1	1.1	1.01771	0.0167052	-0.0167052	0.0508855	-0.0508855
1.15	1.1	1.2	1.01454	0.0164117	-0.0164117	0.050727	-0.050727
1.25	1.2	1.3	0.999068	0.0161375	-0.0161375	0.0499534	-0.0499534
1.35	1.3	1.4	1.0136	0.016334	-0.016334	0.05068	-0.05068
1.45	1.4	1.5	1.02674	0.0163857	-0.0163857	0.051337	-0.051337
1.55	1.5	1.6	1.00398	0.0159439	-0.0159439	0.050199	-0.050199
1.65	1.6	1.7	0.998367	0.0159308	-0.0159308	0.04991835	-0.04991835
1.75	1.7	1.8	0.994588	0.0157583	-0.0157583	0.0497294	-0.0497294
1.85	1.8	1.9	0.997308	0.0156721	-0.0156721	0.0498654	-0.0498654
1.95	1.9	2	0.999711	0.0156839	-0.0156839	0.04998555	-0.04998555
2.1	2	2.2	0.97919	0.0110362	-0.0110362	0.0489595	-0.0489595
2.3	2.2	2.4	0.991494	0.0111728	-0.0111728	0.0495747	-0.0495747
2.5	2.4	2.6	1.00494	0.0116217	-0.0116217	0.050247	-0.050247
2.7	2.6	2.8	0.987626	0.0121736	-0.0121736	0.0493813	-0.0493813
2.9	2.8	3	0.987704	0.0133865	-0.0133865	0.0493852	-0.0493852
3.25	3	3.5	0.988172	0.0104973	-0.0104973	0.0494086	-0.0494086
3.75	3.5	4	1.01587	0.015912	-0.015912	0.0507935	-0.0507935
4.25	4	4.5	1.03502	0.025629	-0.025629	0.051751	-0.051751
4.75	4.5	5	0.97398	0.0383509	-0.0383509	0.048699	-0.048699
5.25	5	5.5	1.15229	0.129773	-0.129773	0.0576145	-0.0576145
5.75	5.5	6	0.822251	0.145667	-0.145667	0.04111255	-0.04111255
							
#: $p_T$			Au+Au $\pi^-/\pi^+$ $20-40\%$ centrality				
$p_T$	$p_T$ LOW	$p_T$ HIGH	Ratio of Yields	Stat error +	Stat error -	Sys error +	Sys error -
0.55	0.5	0.6	1.02387	0.0131173	-0.0131173	0.0511935	-0.0511935
0.65	0.6	0.7	1.03758	0.012759	-0.012759	0.051879	-0.051879
0.75	0.7	0.8	0.992884	0.0119312	-0.0119312	0.0496442	-0.0496442
0.85	0.8	0.9	1.00387	0.0122502	-0.0122502	0.0501935	-0.0501935
0.95	0.9	1	1.00626	0.0123556	-0.0123556	0.050313	-0.050313
1.05	1	1.1	1.01826	0.0120897	-0.0120897	0.050913	-0.050913
1.15	1.1	1.2	1.01495	0.0118772	-0.0118772	0.0507475	-0.0507475
1.25	1.2	1.3	0.999625	0.0116816	-0.0116816	0.04998125	-0.04998125
1.35	1.3	1.4	1.01437	0.011827	-0.011827	0.0507185	-0.0507185
1.45	1.4	1.5	1.02767	0.0118662	-0.0118662	0.0513835	-0.0513835
1.55	1.5	1.6	1.0027	0.011523	-0.011523	0.050135	-0.050135
1.65	1.6	1.7	0.997787	0.0115194	-0.0115194	0.04988935	-0.04988935
1.75	1.7	1.8	0.995178	0.0114122	-0.0114122	0.0497589	-0.0497589
1.85	1.8	1.9	0.997831	0.011354	-0.011354	0.04989155	-0.04989155
1.95	1.9	2	1.00133	0.0113803	-0.0113803	0.0500665	-0.0500665
2.1	2	2.2	0.980597	0.00800497	-0.00800497	0.04902985	-0.04902985
2.3	2.2	2.4	0.994639	0.00813187	-0.00813187	0.04973195	-0.04973195
2.5	2.4	2.6	1.00602	0.00846417	-0.00846417	0.050301	-0.050301
2.7	2.6	2.8	0.992642	0.00893678	-0.00893678	0.0496321	-0.0496321
2.9	2.8	3	0.990781	0.00986432	-0.00986432	0.04953905	-0.04953905
3.25	3	3.5	0.989307	0.00781844	-0.00781844	0.04946535	-0.04946535
3.75	3.5	4	1.02651	0.0122986	-0.0122986	0.0513255	-0.0513255
4.25	4	4.5	1.03354	0.0202051	-0.0202051	0.051677	-0.051677
4.75	4.5	5	0.911449	0.0284888	-0.0284888	0.04557245	-0.04557245
5.25	5	5.5	0.888953	0.079454	-0.079454	0.04444765	-0.04444765
5.75	5.5	6	0.868802	0.130075	-0.130075	0.0434401	-0.0434401
							
#: $p_T$			Au+Au $\pi^-/\pi^+$ $40-60\%$ centrality				
$p_T$	$p_T$ LOW	$p_T$ HIGH	Ratio of Yields	Stat error +	Stat error -	Sys error +	Sys error -
0.55	0.5	0.6	1.02384	0.0134777	-0.0134777	0.051192	-0.051192
0.65	0.6	0.7	1.03607	0.0131604	-0.0131604	0.0518035	-0.0518035
0.75	0.7	0.8	0.994754	0.0124276	-0.0124276	0.0497377	-0.0497377
0.85	0.8	0.9	0.998438	0.0127567	-0.0127567	0.0499219	-0.0499219
0.95	0.9	1	1.00466	0.0130598	-0.0130598	0.050233	-0.050233
1.05	1	1.1	1.02003	0.0123402	-0.0123402	0.0510015	-0.0510015
1.15	1.1	1.2	1.01546	0.0121134	-0.0121134	0.050773	-0.050773
1.25	1.2	1.3	0.99943	0.0119152	-0.0119152	0.0499715	-0.0499715
1.35	1.3	1.4	1.01534	0.0120887	-0.0120887	0.050767	-0.050767
1.45	1.4	1.5	1.03006	0.0121558	-0.0121558	0.051503	-0.051503
1.55	1.5	1.6	1.00401	0.0118037	-0.0118037	0.0502005	-0.0502005
1.65	1.6	1.7	1.00149	0.0118481	-0.0118481	0.0500745	-0.0500745
1.75	1.7	1.8	0.995522	0.0117232	-0.0117232	0.0497761	-0.0497761
1.85	1.8	1.9	0.999039	0.0116982	-0.0116982	0.04995195	-0.04995195
1.95	1.9	2	0.999371	0.0117139	-0.0117139	0.04996855	-0.04996855
2.1	2	2.2	0.981878	0.00829653	-0.00829653	0.0490939	-0.0490939
2.3	2.2	2.4	0.992086	0.00847426	-0.00847426	0.0496043	-0.0496043
2.5	2.4	2.6	1.00535	0.00895729	-0.00895729	0.0502675	-0.0502675
2.7	2.6	2.8	0.995957	0.00966284	-0.00966284	0.04979785	-0.04979785
2.9	2.8	3	0.994168	0.0108958	-0.0108958	0.0497084	-0.0497084
3.25	3	3.5	0.988795	0.00893631	-0.00893631	0.04943975	-0.04943975
3.75	3.5	4	1.0264	0.0151731	-0.0151731	0.05132	-0.05132
4.25	4	4.5	1.03281	0.0262671	-0.0262671	0.0516405	-0.0516405
4.75	4.5	5	0.992252	0.0413529	-0.0413529	0.0496126	-0.0496126
5.25	5	5.5	0.831996	0.0988582	-0.0988582	0.0415998	-0.0415998
5.75	5.5	6	1.14101	0.24079	-0.24079	0.0570505	-0.0570505
							
#: $p_T$			Au+Au $\pi^-/\pi^+$ $60-92\%$ centrality				
$p_T$	$p_T$ LOW	$p_T$ HIGH	Ratio of Yields	Stat error +	Stat error -	Sys error +	Sys error -
0.55	0.5	0.6	1.01898	0.0131876	-0.0131876	0.050949	-0.050949
0.65	0.6	0.7	1.04065	0.0132425	-0.0132425	0.0520325	-0.0520325
0.75	0.7	0.8	0.990423	0.0127626	-0.0127626	0.04952115	-0.04952115
0.85	0.8	0.9	1.00987	0.0137125	-0.0137125	0.0504935	-0.0504935
0.95	0.9	1	1.01065	0.0144473	-0.0144473	0.0505325	-0.0505325
1.05	1	1.1	1.02133	0.0117587	-0.0117587	0.0510665	-0.0510665
1.15	1.1	1.2	1.01952	0.0116135	-0.0116135	0.050976	-0.050976
1.25	1.2	1.3	1.0033	0.0114638	-0.0114638	0.050165	-0.050165
1.35	1.3	1.4	1.0198	0.0116668	-0.0116668	0.05099	-0.05099
1.45	1.4	1.5	1.03282	0.0117631	-0.0117631	0.051641	-0.051641
1.55	1.5	1.6	1.00333	0.0114541	-0.0114541	0.0501665	-0.0501665
1.65	1.6	1.7	1.00287	0.0115773	-0.0115773	0.0501435	-0.0501435
1.75	1.7	1.8	1.00017	0.0115989	-0.0115989	0.0500085	-0.0500085
1.85	1.8	1.9	1.00348	0.0116819	-0.0116819	0.050174	-0.050174
1.95	1.9	2	1.00393	0.0118128	-0.0118128	0.0501965	-0.0501965
2.1	2	2.2	0.984965	0.00851204	-0.00851204	0.04924825	-0.04924825
2.3	2.2	2.4	0.999479	0.00905517	-0.00905517	0.04997395	-0.04997395
2.5	2.4	2.6	1.00408	0.00996251	-0.00996251	0.050204	-0.050204
2.7	2.6	2.8	0.991383	0.0113058	-0.0113058	0.04956915	-0.04956915
2.9	2.8	3	1.00032	0.0136465	-0.0136465	0.050016	-0.050016
3.25	3	3.5	1.00262	0.0121776	-0.0121776	0.050131	-0.050131
3.75	3.5	4	1.02896	0.0225543	-0.0225543	0.051448	-0.051448
4.25	4	4.5	1.05745	0.04033	-0.04033	0.0528725	-0.0528725
4.75	4.5	5	0.902991	0.059021	-0.059021	0.04514955	-0.04514955
5.25	5	5.5	0.956245	0.178239	-0.178239	0.04781225	-0.04781225
5.75	5.5	6	1.24567	0.36479	-0.36479	0.0622835	-0.0622835
