Transverse Momentum $p_T$ [GeV/c]	$K^{\pm}$ $v_2$ in centrality 0-10%	stat +	stat -	pT uncor. sys +	pT uncor. sys -	pT cor. sys +	pT cor. sys -
0.51	0.00796	0.00032	-0.00032	0.00013	-0.00013	0.005	-0.005
0.7	0.01913	0.00026	-0.00026	0.0003	-0.0003	0.005	-0.005
0.9	0.03072	0.00027	-0.00027	0.0005	-0.0005	0.005	-0.005
1.1	0.04075	0.00032	-0.00032	0.0006	-0.0006	0.006	-0.006
1.29	0.0492	0.0004	-0.0004	0.0008	-0.0008	0.006	-0.006
1.49	0.0567	0.0005	-0.0005	0.0009	-0.0009	0.006	-0.006
1.7	0.0617	0.0006	-0.0006	0.001	-0.001	0.006	-0.006
1.89	0.0673	0.0007	-0.0007	0.0011	-0.0011	0.006	-0.006
2.09	0.0711	0.0009	-0.0009	0.0011	-0.0011	0.006	-0.006
2.29	0.0727	0.0012	-0.0012	0.0011	-0.0011	0.006	-0.006
2.49	0.0732	0.0015	-0.0015	0.0012	-0.0012	0.006	-0.006
2.69	0.0782	0.002	-0.002	0.0012	-0.0012	0.006	-0.006
2.89	0.0706	0.0027	-0.0027	0.0011	-0.0011	0.006	-0.006
3.21	0.069	0.0032	-0.0032	0.0011	-0.0011	0.006	-0.006
3.71	0.0615	0.006	-0.006	0.001	-0.001	0.006	-0.006
							
Transverse Momentum $p_T$ [GeV/c]	$K^{\pm}$ $v_3$ in centrality 0-10%	stat +	stat -	pT uncor. sys +	pT uncor. sys -	pT cor. sys +	pT cor. sys -
0.51	0.001499	0.0006	-0.0006	3.30E-05	-3.30E-05	0.0005	-0.0005
0.7	0.00825	0.0005	-0.0005	0.00018	-0.00018	0.0006	-0.0006
0.9	0.016	0.0005	-0.0005	0.0004	-0.0004	0.0009	-0.0009
1.1	0.024	0.0006	-0.0006	0.0005	-0.0005	0.0012	-0.0012
1.29	0.0327	0.0007	-0.0007	0.0007	-0.0007	0.0016	-0.0016
1.49	0.0408	0.0008	-0.0008	0.0009	-0.0009	0.002	-0.002
1.7	0.0476	0.001	-0.001	0.0011	-0.0011	0.0023	-0.0023
1.89	0.0549	0.0013	-0.0013	0.0012	-0.0012	0.0026	-0.0026
2.09	0.0624	0.0016	-0.0016	0.0014	-0.0014	0.003	-0.003
2.29	0.0624	0.002	-0.002	0.0014	-0.0014	0.003	-0.003
2.49	0.0687	0.0027	-0.0027	0.0015	-0.0015	0.0033	-0.0033
2.69	0.0744	0.0035	-0.0035	0.0017	-0.0017	0.004	-0.004
2.89	0.0703	0.005	-0.005	0.0016	-0.0016	0.0034	-0.0034
3.21	0.0676	0.006	-0.006	0.0015	-0.0015	0.0032	-0.0032
3.71	0.0654	0.01	-0.01	0.0015	-0.0015	0.0031	-0.0031
							
Transverse Momentum $p_T$ [GeV/c]	$K^{\pm}$ $v_4$ in centrality 0-10%	stat +	stat -	pT uncor. sys +	pT uncor. sys -	pT cor. sys +	pT cor. sys -
0.51	-0.00321	0.0014	-0.0014	0.0002	-0.0002	0.0019	-0.0019
0.7	0.00455	0.0011	-0.0011	0.00029	-0.00029	0.002	-0.002
0.9	0.0074	0.0012	-0.0012	0.0005	-0.0005	0.0023	-0.0023
1.1	0.0137	0.0014	-0.0014	0.0009	-0.0009	0.0032	-0.0032
1.29	0.0178	0.0016	-0.0016	0.0011	-0.0011	0.004	-0.004
1.49	0.0269	0.002	-0.002	0.0017	-0.0017	0.005	-0.005
1.7	0.0335	0.0025	-0.0025	0.0021	-0.0021	0.006	-0.006
1.89	0.0376	0.0031	-0.0031	0.0024	-0.0024	0.006	-0.006
2.09	0.0362	0.004	-0.004	0.0023	-0.0023	0.006	-0.006
2.29	0.0467	0.005	-0.005	0.003	-0.003	0.007	-0.007
2.49	0.0535	0.007	-0.007	0.0034	-0.0034	0.008	-0.008
2.69	0.0476	0.009	-0.009	0.003	-0.003	0.008	-0.008
2.89	0.0509	0.011	-0.011	0.0032	-0.0032	0.008	-0.008
3.21	0.067	0.014	-0.014	0.004	-0.004	0.01	-0.01
3.71	0.0412	0.024	-0.024	0.0026	-0.0026	0.006	-0.006

Transverse Momentum $p_T$ [GeV/c]	$K^{\pm}$ $v_2$ in centrality 10-20%	stat +	stat -	pT uncor. sys +	pT uncor. sys -	pT cor. sys +	pT cor. sys -
0.51	0.02103	0.00029	-0.00029	0.00013	-0.00013	0.005	-0.005
0.7	0.03919	0.00023	-0.00023	0.00025	-0.00025	0.006	-0.006
0.9	0.05798	0.00024	-0.00024	0.0004	-0.0004	0.006	-0.006
1.1	0.07493	0.00028	-0.00028	0.0005	-0.0005	0.006	-0.006
1.3	0.08909	0.00033	-0.00033	0.0006	-0.0006	0.006	-0.006
1.49	0.1022	0.0004	-0.0004	0.0007	-0.0007	0.006	-0.006
1.7	0.1127	0.0005	-0.0005	0.0007	-0.0007	0.006	-0.006
1.89	0.1205	0.0006	-0.0006	0.0008	-0.0008	0.007	-0.007
2.09	0.1266	0.0008	-0.0008	0.0008	-0.0008	0.007	-0.007
2.29	0.1292	0.001	-0.001	0.0008	-0.0008	0.007	-0.007
2.49	0.1316	0.0013	-0.0013	0.0008	-0.0008	0.007	-0.007
2.69	0.1333	0.0017	-0.0017	0.0009	-0.0009	0.007	-0.007
2.89	0.1368	0.0022	-0.0022	0.0009	-0.0009	0.007	-0.007
3.21	0.1284	0.0026	-0.0026	0.0008	-0.0008	0.007	-0.007
3.71	0.1211	0.004	-0.004	0.0008	-0.0008	0.007	-0.007
							
Transverse Momentum $p_T$ [GeV/c]	$K^{\pm}$ $v_3$ in centrality 10-20%	stat +	stat -	pT uncor. sys +	pT uncor. sys -	pT cor. sys +	pT cor. sys -
0.51	0.00328	0.0007	-0.0007	6.00E-05	-6.00E-05	0.0007	-0.0007
0.7	0.01116	0.0005	-0.0005	0.00019	-0.00019	0.0009	-0.0009
0.9	0.0204	0.0006	-0.0006	0.0004	-0.0004	0.0014	-0.0014
1.1	0.0302	0.0006	-0.0006	0.0005	-0.0005	0.0019	-0.0019
1.3	0.0397	0.0008	-0.0008	0.0007	-0.0007	0.0025	-0.0025
1.49	0.0498	0.0009	-0.0009	0.0009	-0.0009	0.0031	-0.0031
1.7	0.0561	0.0012	-0.0012	0.001	-0.001	0.0035	-0.0035
1.89	0.0642	0.0014	-0.0014	0.0011	-0.0011	0.004	-0.004
2.09	0.0717	0.0018	-0.0018	0.0013	-0.0013	0.004	-0.004
2.29	0.0736	0.0023	-0.0023	0.0013	-0.0013	0.005	-0.005
2.49	0.0826	0.003	-0.003	0.0014	-0.0014	0.005	-0.005
2.69	0.0834	0.004	-0.004	0.0015	-0.0015	0.005	-0.005
2.89	0.0896	0.005	-0.005	0.0016	-0.0016	0.005	-0.005
3.21	0.0751	0.006	-0.006	0.0013	-0.0013	0.005	-0.005
3.71	0.0574	0.01	-0.01	0.001	-0.001	0.0035	-0.0035
							
Transverse Momentum $p_T$ [GeV/c]	$K^{\pm}$ $v_4$ in centrality 10-20%	stat +	stat -	pT uncor. sys +	pT uncor. sys -	pT cor. sys +	pT cor. sys -
0.51	0.004	0.0017	-0.0017	0.00018	-0.00018	0.0029	-0.0029
0.7	0.0065	0.0014	-0.0014	0.00029	-0.00029	0.004	-0.004
0.9	0.0108	0.0014	-0.0014	0.0005	-0.0005	0.005	-0.005
1.1	0.0202	0.0016	-0.0016	0.0009	-0.0009	0.008	-0.008
1.3	0.0303	0.002	-0.002	0.0014	-0.0014	0.011	-0.011
1.49	0.0415	0.0024	-0.0024	0.0019	-0.0019	0.013	-0.013
1.7	0.0442	0.003	-0.003	0.002	-0.002	0.013	-0.013
1.89	0.0497	0.004	-0.004	0.0022	-0.0022	0.013	-0.013
2.09	0.0443	0.005	-0.005	0.002	-0.002	0.011	-0.011
2.29	0.0643	0.006	-0.006	0.0029	-0.0029	0.015	-0.015
2.49	0.0716	0.008	-0.008	0.0032	-0.0032	0.016	-0.016
2.69	0.063	0.01	-0.01	0.0028	-0.0028	0.014	-0.014
2.89	0.0751	0.013	-0.013	0.0034	-0.0034	0.016	-0.016
3.21	0.092	0.015	-0.015	0.004	-0.004	0.02	-0.02
3.71	0.0474	0.027	-0.027	0.0021	-0.0021	0.01	-0.01

Transverse Momentum $p_T$ [GeV/c]	$K^{\pm}$ $v_2$ in centrality 20-30%	stat +	stat -	pT uncor. sys +	pT uncor. sys -	pT cor. sys +	pT cor. sys -
0.51	0.03255	0.00032	-0.00032	0.00021	-0.00021	0.0022	-0.0022
0.7	0.0571	0.00026	-0.00026	0.0004	-0.0004	0.0026	-0.0026
0.9	0.08105	0.00027	-0.00027	0.0005	-0.0005	0.003	-0.003
1.1	0.10264	0.00031	-0.00031	0.0007	-0.0007	0.0035	-0.0035
1.29	0.1217	0.0004	-0.0004	0.0008	-0.0008	0.004	-0.004
1.49	0.1365	0.0005	-0.0005	0.0009	-0.0009	0.004	-0.004
1.7	0.1484	0.0006	-0.0006	0.001	-0.001	0.005	-0.005
1.89	0.1583	0.0007	-0.0007	0.001	-0.001	0.005	-0.005
2.09	0.1638	0.0009	-0.0009	0.0011	-0.0011	0.005	-0.005
2.29	0.1674	0.0011	-0.0011	0.0011	-0.0011	0.005	-0.005
2.49	0.1701	0.0014	-0.0014	0.0011	-0.0011	0.005	-0.005
2.69	0.1701	0.0019	-0.0019	0.0011	-0.0011	0.005	-0.005
2.89	0.1691	0.0024	-0.0024	0.0011	-0.0011	0.005	-0.005
3.21	0.167	0.0027	-0.0027	0.0011	-0.0011	0.005	-0.005
3.71	0.1563	0.005	-0.005	0.001	-0.001	0.005	-0.005
							
Transverse Momentum $p_T$ [GeV/c]	$K^{\pm}$ $v_3$ in centrality 20-30%	stat +	stat -	pT uncor. sys +	pT uncor. sys -	pT cor. sys +	pT cor. sys -
0.51	0.00458	0.0009	-0.0009	0.0001	-0.0001	0.0015	-0.0015
0.7	0.01407	0.0007	-0.0007	0.00029	-0.00029	0.0019	-0.0019
0.9	0.0244	0.0007	-0.0007	0.0005	-0.0005	0.0027	-0.0027
1.1	0.0356	0.0008	-0.0008	0.0007	-0.0007	0.004	-0.004
1.29	0.0438	0.001	-0.001	0.0009	-0.0009	0.004	-0.004
1.49	0.0531	0.0013	-0.0013	0.0011	-0.0011	0.005	-0.005
1.7	0.0595	0.0015	-0.0015	0.0012	-0.0012	0.006	-0.006
1.89	0.0713	0.0019	-0.0019	0.0015	-0.0015	0.007	-0.007
2.09	0.075	0.0024	-0.0024	0.0016	-0.0016	0.007	-0.007
2.29	0.0826	0.003	-0.003	0.0017	-0.0017	0.008	-0.008
2.49	0.0751	0.004	-0.004	0.0016	-0.0016	0.007	-0.007
2.69	0.08	0.005	-0.005	0.0017	-0.0017	0.007	-0.007
2.89	0.0881	0.007	-0.007	0.0018	-0.0018	0.008	-0.008
3.21	0.069	0.007	-0.007	0.0014	-0.0014	0.006	-0.006
3.71	0.081	0.013	-0.013	0.0017	-0.0017	0.007	-0.007
							
Transverse Momentum $p_T$ [GeV/c]	$K^{\pm}$ $v_4$ in centrality 20-30%	stat +	stat -	pT uncor. sys +	pT uncor. sys -	pT cor. sys +	pT cor. sys -
0.51	0.00206	0.0023	-0.0023	0.00011	-0.00011	0.003	-0.003
0.7	0.0133	0.0018	-0.0018	0.0007	-0.0007	0.009	-0.009
0.9	0.0196	0.0019	-0.0019	0.001	-0.001	0.011	-0.011
1.1	0.0281	0.0022	-0.0022	0.0014	-0.0014	0.013	-0.013
1.29	0.0437	0.0027	-0.0027	0.0022	-0.0022	0.019	-0.019
1.49	0.0521	0.0033	-0.0033	0.0027	-0.0027	0.021	-0.021
1.7	0.0482	0.004	-0.004	0.0025	-0.0025	0.018	-0.018
1.89	0.0587	0.005	-0.005	0.003	-0.003	0.021	-0.021
2.09	0.0597	0.006	-0.006	0.0031	-0.0031	0.02	-0.02
2.29	0.073	0.008	-0.008	0.004	-0.004	0.024	-0.024
2.49	0.0412	0.01	-0.01	0.0021	-0.0021	0.013	-0.013
2.69	0.075	0.013	-0.013	0.004	-0.004	0.024	-0.024
2.89	0.07	0.017	-0.017	0.004	-0.004	0.022	-0.022
3.21	0.094	0.019	-0.019	0.005	-0.005	0.029	-0.029
3.71	0.0325	0.033	-0.033	0.0017	-0.0017	0.01	-0.01

Transverse Momentum $p_T$ [GeV/c]	$K^{\pm}$ $v_2$ in centrality 30-40%	stat +	stat -	pT uncor. sys +	pT uncor. sys -	pT cor. sys +	pT cor. sys -
0.51	0.04277	0.0004	-0.0004	0.00014	-0.00014	0.0019	-0.0019
0.7	0.06979	0.00033	-0.00033	0.00024	-0.00024	0.0025	-0.0025
0.9	0.09786	0.00034	-0.00034	0.00033	-0.00033	0.0032	-0.0032
1.1	0.1216	0.0004	-0.0004	0.0004	-0.0004	0.004	-0.004
1.29	0.1414	0.0005	-0.0005	0.0005	-0.0005	0.004	-0.004
1.49	0.1585	0.0006	-0.0006	0.0005	-0.0005	0.005	-0.005
1.7	0.1699	0.0007	-0.0007	0.0006	-0.0006	0.005	-0.005
1.89	0.18	0.0009	-0.0009	0.0006	-0.0006	0.005	-0.005
2.09	0.1869	0.0011	-0.0011	0.0006	-0.0006	0.006	-0.006
2.29	0.1908	0.0014	-0.0014	0.0006	-0.0006	0.006	-0.006
2.49	0.1876	0.0018	-0.0018	0.0006	-0.0006	0.006	-0.006
2.69	0.1907	0.0023	-0.0023	0.0006	-0.0006	0.006	-0.006
2.89	0.1967	0.003	-0.003	0.0007	-0.0007	0.006	-0.006
3.21	0.1797	0.0033	-0.0033	0.0006	-0.0006	0.005	-0.005
3.71	0.1724	0.006	-0.006	0.0006	-0.0006	0.005	-0.005
							
Transverse Momentum $p_T$ [GeV/c]	$K^{\pm}$ $v_3$ in centrality 30-40%	stat +	stat -	pT uncor. sys +	pT uncor. sys -	pT cor. sys +	pT cor. sys -
0.51	0.00733	0.0013	-0.0013	0.00021	-0.00021	0.002	-0.002
0.7	0.0151	0.001	-0.001	0.0004	-0.0004	0.0024	-0.0024
0.9	0.0253	0.0011	-0.0011	0.0007	-0.0007	0.0033	-0.0033
1.1	0.0361	0.0012	-0.0012	0.001	-0.001	0.004	-0.004
1.29	0.0444	0.0015	-0.0015	0.0013	-0.0013	0.005	-0.005
1.49	0.0569	0.0018	-0.0018	0.0016	-0.0016	0.006	-0.006
1.7	0.063	0.0023	-0.0023	0.0018	-0.0018	0.007	-0.007
1.89	0.0681	0.0028	-0.0028	0.002	-0.002	0.008	-0.008
2.09	0.0779	0.0034	-0.0034	0.0022	-0.0022	0.009	-0.009
2.29	0.0842	0.004	-0.004	0.0024	-0.0024	0.009	-0.009
2.49	0.0779	0.006	-0.006	0.0022	-0.0022	0.009	-0.009
2.69	0.0732	0.007	-0.007	0.0021	-0.0021	0.008	-0.008
2.89	0.0823	0.009	-0.009	0.0024	-0.0024	0.009	-0.009
3.21	0.0764	0.01	-0.01	0.0022	-0.0022	0.008	-0.008
3.71	0.0796	0.017	-0.017	0.0023	-0.0023	0.009	-0.009
							
Transverse Momentum $p_T$ [GeV/c]	$K^{\pm}$ $v_4$ in centrality 30-40%	stat +	stat -	pT uncor. sys +	pT uncor. sys -	pT cor. sys +	pT cor. sys -
0.51	0.0058	0.0035	-0.0035	0.00035	-0.00035	0.005	-0.005
0.7	0.0112	0.0028	-0.0028	0.0007	-0.0007	0.007	-0.007
0.9	0.0238	0.003	-0.003	0.0014	-0.0014	0.013	-0.013
1.1	0.0395	0.0034	-0.0034	0.0024	-0.0024	0.019	-0.019
1.29	0.0392	0.004	-0.004	0.0024	-0.0024	0.018	-0.018
1.49	0.0565	0.005	-0.005	0.0034	-0.0034	0.023	-0.023
1.7	0.066	0.006	-0.006	0.004	-0.004	0.026	-0.026
1.89	0.08	0.008	-0.008	0.005	-0.005	0.03	-0.03
2.09	0.081	0.01	-0.01	0.005	-0.005	0.029	-0.029
2.29	0.081	0.012	-0.012	0.005	-0.005	0.028	-0.028
2.49	0.082	0.016	-0.016	0.005	-0.005	0.028	-0.028
2.69	0.1	0.02	-0.02	0.006	-0.006	0.033	-0.033
2.89	0.0565	0.026	-0.026	0.0034	-0.0034	0.018	-0.018
3.21	0.097	0.029	-0.029	0.006	-0.006	0.031	-0.031
3.71	0.082	0.05	-0.05	0.005	-0.005	0.026	-0.026

Transverse Momentum $p_T$ [GeV/c]	$K^{\pm}$ $v_2$ in centrality 40-50%	stat +	stat -	pT uncor. sys +	pT uncor. sys -	pT cor. sys +	pT cor. sys -
0.51	0.04947	0.0006	-0.0006	0.00022	-0.00022	0.0018	-0.0018
0.7	0.07827	0.0005	-0.0005	0.00034	-0.00034	0.0026	-0.0026
0.9	0.1081	0.0005	-0.0005	0.0005	-0.0005	0.0035	-0.0035
1.1	0.1301	0.0006	-0.0006	0.0006	-0.0006	0.004	-0.004
1.29	0.152	0.0007	-0.0007	0.0007	-0.0007	0.005	-0.005
1.49	0.1683	0.0009	-0.0009	0.0007	-0.0007	0.005	-0.005
1.7	0.1815	0.0011	-0.0011	0.0008	-0.0008	0.006	-0.006
1.89	0.1913	0.0013	-0.0013	0.0008	-0.0008	0.006	-0.006
2.09	0.1944	0.0016	-0.0016	0.0009	-0.0009	0.006	-0.006
2.29	0.1972	0.002	-0.002	0.0009	-0.0009	0.006	-0.006
2.49	0.1966	0.0026	-0.0026	0.0009	-0.0009	0.006	-0.006
2.69	0.1996	0.0033	-0.0033	0.0009	-0.0009	0.006	-0.006
2.89	0.2028	0.004	-0.004	0.0009	-0.0009	0.006	-0.006
3.21	0.1971	0.005	-0.005	0.0009	-0.0009	0.006	-0.006
3.71	0.198	0.008	-0.008	0.0009	-0.0009	0.006	-0.006
							
Transverse Momentum $p_T$ [GeV/c]	$K^{\pm}$ $v_3$ in centrality 40-50%	stat +	stat -	pT uncor. sys +	pT uncor. sys -	pT cor. sys +	pT cor. sys -
0.51	0.0073	0.002	-0.002	0.0004	-0.0004	0.0029	-0.0029
0.7	0.0168	0.0016	-0.0016	0.0009	-0.0009	0.004	-0.004
0.9	0.0287	0.0017	-0.0017	0.0016	-0.0016	0.005	-0.005
1.1	0.0361	0.002	-0.002	0.002	-0.002	0.006	-0.006
1.29	0.0417	0.0024	-0.0024	0.0023	-0.0023	0.007	-0.007
1.49	0.0525	0.003	-0.003	0.0029	-0.0029	0.009	-0.009
1.7	0.066	0.004	-0.004	0.004	-0.004	0.011	-0.011
1.89	0.066	0.005	-0.005	0.004	-0.004	0.011	-0.011
2.09	0.065	0.006	-0.006	0.004	-0.004	0.011	-0.011
2.29	0.072	0.007	-0.007	0.004	-0.004	0.012	-0.012
2.49	0.0514	0.009	-0.009	0.0028	-0.0028	0.009	-0.009
2.69	0.072	0.012	-0.012	0.004	-0.004	0.012	-0.012
2.89	0.0555	0.015	-0.015	0.0031	-0.0031	0.009	-0.009
3.21	0.0628	0.016	-0.016	0.0035	-0.0035	0.01	-0.01
3.71	0.111	0.027	-0.027	0.006	-0.006	0.018	-0.018
							
Transverse Momentum $p_T$ [GeV/c]	$K^{\pm}$ $v_4$ in centrality 40-50%	stat +	stat -	pT uncor. sys +	pT uncor. sys -	pT cor. sys +	pT cor. sys -
0.51	0.006	0.008	-0.008	0.0005	-0.0005	0.005	-0.005
0.7	0.023	0.006	-0.006	0.0018	-0.0018	0.012	-0.012
0.9	0.0265	0.007	-0.007	0.0021	-0.0021	0.012	-0.012
1.1	0.048	0.008	-0.008	0.004	-0.004	0.019	-0.019
1.29	0.057	0.009	-0.009	0.004	-0.004	0.021	-0.021
1.49	0.0399	0.011	-0.011	0.0031	-0.0031	0.014	-0.014
1.7	0.063	0.014	-0.014	0.005	-0.005	0.021	-0.021
1.89	0.099	0.017	-0.017	0.008	-0.008	0.032	-0.032
2.09	0.094	0.021	-0.021	0.007	-0.007	0.03	-0.03
2.29	0.065	0.027	-0.027	0.005	-0.005	0.021	-0.021
2.49	0.127	0.034	-0.034	0.01	-0.01	0.04	-0.04
2.69	0.156	0.04	-0.04	0.012	-0.012	0.05	-0.05
2.89	0.00115	0.06	-0.06	9.00E-05	-9.00E-05	0.004	-0.004
3.21	0.177	0.06	-0.06	0.014	-0.014	0.05	-0.05
3.71	0.123	0.1	-0.1	0.01	-0.01	0.04	-0.04
							
Transverse Momentum $p_T$ [GeV/c]	$K^{\pm}$ $v_2$ in centrality 50-60%	stat +	stat -	pT uncor. sys +	pT uncor. sys -	pT cor. sys +	pT cor. sys -
0.51	0.05163	0.0009	-0.0009	0.00028	-0.00028	0.0022	-0.0022
0.7	0.0823	0.0008	-0.0008	0.0005	-0.0005	0.0032	-0.0032
0.9	0.1121	0.0008	-0.0008	0.0006	-0.0006	0.004	-0.004
1.1	0.1338	0.001	-0.001	0.0007	-0.0007	0.005	-0.005
1.29	0.1525	0.0012	-0.0012	0.0008	-0.0008	0.006	-0.006
1.49	0.1687	0.0015	-0.0015	0.0009	-0.0009	0.006	-0.006
1.7	0.1802	0.0018	-0.0018	0.001	-0.001	0.007	-0.007
1.9	0.1893	0.0022	-0.0022	0.001	-0.001	0.007	-0.007
2.09	0.1918	0.0027	-0.0027	0.0011	-0.0011	0.007	-0.007
2.29	0.1934	0.0034	-0.0034	0.0011	-0.0011	0.007	-0.007
2.49	0.203	0.004	-0.004	0.0011	-0.0011	0.007	-0.007
2.69	0.1962	0.006	-0.006	0.0011	-0.0011	0.007	-0.007
2.89	0.1868	0.007	-0.007	0.001	-0.001	0.007	-0.007
3.21	0.1958	0.008	-0.008	0.0011	-0.0011	0.007	-0.007
3.71	0.187	0.012	-0.012	0.001	-0.001	0.007	-0.007
							
Transverse Momentum $p_T$ [GeV/c]	$K^{\pm}$ $v_3$ in centrality 50-60%	stat +	stat -	pT uncor. sys +	pT uncor. sys -	pT cor. sys +	pT cor. sys -
0.51	0.0077	0.0035	-0.0035	0.0011	-0.0011	0.004	-0.004
0.7	0.0159	0.0029	-0.0029	0.0023	-0.0023	0.005	-0.005
0.9	0.0277	0.0031	-0.0031	0.004	-0.004	0.008	-0.008
1.1	0.026	0.004	-0.004	0.004	-0.004	0.007	-0.007
1.29	0.043	0.004	-0.004	0.006	-0.006	0.011	-0.011
1.49	0.041	0.006	-0.006	0.006	-0.006	0.011	-0.011
1.7	0.051	0.007	-0.007	0.007	-0.007	0.013	-0.013
1.9	0.065	0.008	-0.008	0.01	-0.01	0.017	-0.017
2.09	0.04	0.01	-0.01	0.006	-0.006	0.011	-0.011
2.29	0.059	0.013	-0.013	0.009	-0.009	0.015	-0.015
2.49	0.074	0.016	-0.016	0.011	-0.011	0.019	-0.019
2.69	0.031	0.021	-0.021	0.005	-0.005	0.009	-0.009
2.89	-0.0034	0.027	-0.027	0.0005	-0.0005	0.0035	-0.0035
3.21	0.092	0.028	-0.028	0.014	-0.014	0.023	-0.023
3.71	-0.0063	0.05	-0.05	0.0009	-0.0009	0.004	-0.004
							
Transverse Momentum $p_T$ [GeV/c]	$K^{\pm}$ $v_4\{\Psi_2\}$ in centrality 50-60%	stat +	stat -	pT uncor. sys +	pT uncor. sys -	pT cor. sys +	pT cor. sys -
0.51	-0.0032	0.0023	-0.0023	0.0005	-0.0005	0.0027	-0.0027
0.7	0.006	0.0019	-0.0019	0.001	-0.001	0.0028	-0.0028
0.9	0.0041	0.002	-0.002	0.0007	-0.0007	0.0027	-0.0027
1.1	0.0126	0.0023	-0.0023	0.0021	-0.0021	0.0034	-0.0034
1.29	0.0148	0.0029	-0.0029	0.0024	-0.0024	0.004	-0.004
1.49	0.023	0.004	-0.004	0.004	-0.004	0.005	-0.005
1.7	0.022	0.004	-0.004	0.004	-0.004	0.005	-0.005
1.9	0.032	0.005	-0.005	0.005	-0.005	0.006	-0.006
2.09	0.038	0.007	-0.007	0.006	-0.006	0.007	-0.007
2.29	0.0089	0.008	-0.008	0.0015	-0.0015	0.003	-0.003
2.49	0.031	0.01	-0.01	0.005	-0.005	0.006	-0.006
2.69	0.045	0.013	-0.013	0.007	-0.007	0.008	-0.008
2.89	0.049	0.017	-0.017	0.008	-0.008	0.009	-0.009
3.21	0.035	0.018	-0.018	0.006	-0.006	0.007	-0.007
3.71	0.047	0.03	-0.03	0.008	-0.008	0.009	-0.009
