Au+Au 200 GeV
------------------------
pTlow pThigh yeild staterr syserr
pi-/pi+	cent0
0.500000000	0.600000024	1.021620035	0.018000700	0.051081002
0.600000024	0.699999988	1.040519953	0.017587900	0.052026000
0.699999988	0.800000012	0.993557990	0.016356699	0.049677901
0.800000012	0.899999976	0.999795020	0.016675200	0.049989749
0.899999976	1.000000000	0.998336017	0.016704701	0.049916800
1.000000000	1.100000024	1.015100002	0.016654201	0.050755002
1.100000024	1.200000048	1.013120055	0.016383100	0.050655998
1.200000048	1.299999952	0.997878015	0.016113801	0.049893901
1.299999952	1.399999976	1.011620045	0.016294301	0.050581001
1.399999976	1.500000000	1.027029991	0.016382201	0.051351499
1.500000000	1.600000024	1.001440048	0.015894800	0.050071999
1.600000024	1.700000048	0.997837007	0.015910501	0.049891852
1.700000048	1.799999952	0.992581010	0.015715601	0.049629051
1.799999952	1.899999976	0.997555971	0.015657499	0.049877800
1.899999976	2.000000000	0.996645987	0.015616600	0.049832299
2.000000000	2.200000048	0.980158985	0.011040000	0.049007948
2.200000048	2.400000095	0.993039012	0.011178500	0.049651951
2.400000095	2.599999905	1.004359961	0.011585600	0.050218001
2.599999905	2.799999952	0.981382012	0.012053700	0.049069099
2.799999952	3.000000000	0.996589005	0.013435300	0.049829450
3.000000000	3.500000000	0.980378985	0.010340800	0.049018949
3.500000000	4.000000000	1.012639999	0.015628301	0.050632000
4.000000000	4.500000000	1.053110003	0.025687000	0.052655499
4.500000000	5.000000000	0.896884024	0.034113899	0.044844199
5.000000000	5.500000000	0.932289004	0.101047002	0.046614449
5.500000000	6.000000000	0.646106005	0.113275997	0.032305300
------------------------
pi-/pi+	cent1
0.500000000	0.600000024	1.019459963	0.018012900	0.050972998
0.600000024	0.699999988	1.037019968	0.017572399	0.051851001
0.699999988	0.800000012	0.993322015	0.016404400	0.049666099
0.800000012	0.899999976	0.993937016	0.016643999	0.049696852
0.899999976	1.000000000	1.004819989	0.016884301	0.050241001
1.000000000	1.100000024	1.017709970	0.016705200	0.050885499
1.100000024	1.200000048	1.014539957	0.016411699	0.050726999
1.200000048	1.299999952	0.999068022	0.016137499	0.049953401
1.299999952	1.399999976	1.013599992	0.016333999	0.050680000
1.399999976	1.500000000	1.026739955	0.016385701	0.051337000
1.500000000	1.600000024	1.003980041	0.015943900	0.050198998
1.600000024	1.700000048	0.998367012	0.015930800	0.049918350
1.700000048	1.799999952	0.994588017	0.015758300	0.049729399
1.799999952	1.899999976	0.997308016	0.015672101	0.049865399
1.899999976	2.000000000	0.999710977	0.015683901	0.049985550
2.000000000	2.200000048	0.979189992	0.011036200	0.048959501
2.200000048	2.400000095	0.991494000	0.011172800	0.049574699
2.400000095	2.599999905	1.004940033	0.011621700	0.050246999
2.599999905	2.799999952	0.987626016	0.012173600	0.049381301
2.799999952	3.000000000	0.987703979	0.013386500	0.049385201
3.000000000	3.500000000	0.988171995	0.010497300	0.049408600
3.500000000	4.000000000	1.015869975	0.015912000	0.050793499
4.000000000	4.500000000	1.035019994	0.025629001	0.051750999
4.500000000	5.000000000	0.973980010	0.038350899	0.048698999
5.000000000	5.500000000	1.152289987	0.129773006	0.057614502
5.500000000	6.000000000	0.822251022	0.145667002	0.041112550
------------------------
pi-/pi+	cent2
0.500000000	0.600000024	1.023869991	0.013117300	0.051193502
0.600000024	0.699999988	1.037580013	0.012759000	0.051879000
0.699999988	0.800000012	0.992883980	0.011931200	0.049644198
0.800000012	0.899999976	1.003870010	0.012250200	0.050193500
0.899999976	1.000000000	1.006260037	0.012355600	0.050313000
1.000000000	1.100000024	1.018260002	0.012089700	0.050912999
1.100000024	1.200000048	1.014950037	0.011877200	0.050747499
1.200000048	1.299999952	0.999625027	0.011681600	0.049981251
1.299999952	1.399999976	1.014369965	0.011827000	0.050718501
1.399999976	1.500000000	1.027670026	0.011866200	0.051383499
1.500000000	1.600000024	1.002699971	0.011523000	0.050135002
1.600000024	1.700000048	0.997786999	0.011519400	0.049889348
1.700000048	1.799999952	0.995177984	0.011412200	0.049758900
1.799999952	1.899999976	0.997830987	0.011354000	0.049891550
1.899999976	2.000000000	1.001330018	0.011380300	0.050066501
2.000000000	2.200000048	0.980597019	0.008004970	0.049029849
2.200000048	2.400000095	0.994638979	0.008131870	0.049731951
2.400000095	2.599999905	1.006019950	0.008464170	0.050301000
2.599999905	2.799999952	0.992641985	0.008936780	0.049632099
2.799999952	3.000000000	0.990781009	0.009864320	0.049539048
3.000000000	3.500000000	0.989306986	0.007818440	0.049465351
3.500000000	4.000000000	1.026510000	0.012298600	0.051325500
4.000000000	4.500000000	1.033540010	0.020205099	0.051677000
4.500000000	5.000000000	0.911449015	0.028488800	0.045572449
5.000000000	5.500000000	0.888952971	0.079453997	0.044447649
5.500000000	6.000000000	0.868802011	0.130074993	0.043440100
------------------------
pi-/pi+	cent3
0.500000000	0.600000024	1.023839951	0.013477700	0.051192001
0.600000024	0.699999988	1.036069989	0.013160400	0.051803499
0.699999988	0.800000012	0.994754016	0.012427600	0.049737699
0.800000012	0.899999976	0.998438001	0.012756700	0.049921900
0.899999976	1.000000000	1.004660010	0.013059800	0.050232999
1.000000000	1.100000024	1.020030022	0.012340200	0.051001500
1.100000024	1.200000048	1.015460014	0.012113400	0.050772998
1.200000048	1.299999952	0.999430001	0.011915200	0.049971499
1.299999952	1.399999976	1.015339971	0.012088700	0.050767001
1.399999976	1.500000000	1.030060053	0.012155800	0.051502999
1.500000000	1.600000024	1.004009962	0.011803700	0.050200500
1.600000024	1.700000048	1.001489997	0.011848100	0.050074499
1.700000048	1.799999952	0.995522022	0.011723200	0.049776100
1.799999952	1.899999976	0.999038994	0.011698200	0.049951948
1.899999976	2.000000000	0.999370992	0.011713900	0.049968552
2.000000000	2.200000048	0.981877983	0.008296530	0.049093898
2.200000048	2.400000095	0.992085993	0.008474260	0.049604300
2.400000095	2.599999905	1.005349994	0.008957290	0.050267499
2.599999905	2.799999952	0.995957017	0.009662840	0.049797852
2.799999952	3.000000000	0.994167984	0.010895800	0.049708400
3.000000000	3.500000000	0.988794982	0.008936310	0.049439751
3.500000000	4.000000000	1.026399970	0.015173100	0.051320001
4.000000000	4.500000000	1.032809973	0.026267100	0.051640499
4.500000000	5.000000000	0.992251992	0.041352902	0.049612600
5.000000000	5.500000000	0.831996024	0.098858200	0.041599799
5.500000000	6.000000000	1.141010046	0.240789995	0.057050500
------------------------
pi-/pi+	cent4
0.500000000	0.600000024	1.018980026	0.013187600	0.050949000
0.600000024	0.699999988	1.040650010	0.013242500	0.052032501
0.699999988	0.800000012	0.990423024	0.012762600	0.049521148
0.800000012	0.899999976	1.009870052	0.013712500	0.050493501
0.899999976	1.000000000	1.010650039	0.014447300	0.050532501
1.000000000	1.100000024	1.021329999	0.011758700	0.051066499
1.100000024	1.200000048	1.019520044	0.011613500	0.050976001
1.200000048	1.299999952	1.003299952	0.011463800	0.050165001
1.299999952	1.399999976	1.019799948	0.011666800	0.050990000
1.399999976	1.500000000	1.032819986	0.011763100	0.051640999
1.500000000	1.600000024	1.003329992	0.011454100	0.050166499
1.600000024	1.700000048	1.002869964	0.011577300	0.050143499
1.700000048	1.799999952	1.000169992	0.011598900	0.050008502
1.799999952	1.899999976	1.003479958	0.011681900	0.050174002
1.899999976	2.000000000	1.003929973	0.011812800	0.050196499
2.000000000	2.200000048	0.984965026	0.008512040	0.049248248
2.200000048	2.400000095	0.999478996	0.009055170	0.049973950
2.400000095	2.599999905	1.004080057	0.009962510	0.050204001
2.599999905	2.799999952	0.991383016	0.011305800	0.049569149
2.799999952	3.000000000	1.000319958	0.013646500	0.050016001
3.000000000	3.500000000	1.002619982	0.012177600	0.050131001
3.500000000	4.000000000	1.028959990	0.022554301	0.051447999
4.000000000	4.500000000	1.057450056	0.040330000	0.052872501
4.500000000	5.000000000	0.902990997	0.059021000	0.045149550
5.000000000	5.500000000	0.956245005	0.178239003	0.047812250
5.500000000	6.000000000	1.245669961	0.364789993	0.062283501
------------------------
------------------------
Au+Au 200 GeV
------------------------
pTlow pThigh yeild staterr syserr
ka-/ka+	cent0
0.500000000	0.600000024	0.959354997	0.030440001	0.047967751
0.600000024	0.699999988	0.937581003	0.026019000	0.046879049
0.699999988	0.800000012	0.972370028	0.024924001	0.048618499
0.800000012	0.899999976	0.999472976	0.024924600	0.049973652
0.899999976	1.000000000	0.951987982	0.022669399	0.047599401
1.000000000	1.100000024	0.942746997	0.020806700	0.047137350
1.100000024	1.200000048	0.916548014	0.019360000	0.045827400
1.200000048	1.299999952	0.959546983	0.019610800	0.047977351
1.299999952	1.399999976	0.936067998	0.018735999	0.046803400
1.399999976	1.500000000	0.911318004	0.017870700	0.045565899
1.500000000	1.600000024	0.939359009	0.017976901	0.046967950
1.600000024	1.700000048	0.942102015	0.017642001	0.047105100
1.700000048	1.799999952	0.941157997	0.017455200	0.047057901
1.799999952	1.899999976	0.920198977	0.016819000	0.046009950
1.899999976	2.000000000	0.958811998	0.017503900	0.047940601
2.000000000	2.200000048	0.936315000	0.011981900	0.046815749
2.200000048	2.400000095	0.964676976	0.012242700	0.048233852
2.400000095	2.599999905	0.920718014	0.012033400	0.046035901
2.599999905	2.799999952	0.921014011	0.012771600	0.046050701
2.799999952	3.000000000	0.919785976	0.014082700	0.045989301
3.000000000	3.500000000	0.921748996	0.011176300	0.046087451
3.500000000	4.000000000	0.882813990	0.016129199	0.044140700
------------------------
ka-/ka+	cent1
0.500000000	0.600000024	0.973891020	0.031170901	0.048694551
0.600000024	0.699999988	0.939593971	0.026304301	0.046979699
0.699999988	0.800000012	0.980032980	0.025371101	0.049001649
0.800000012	0.899999976	0.994912982	0.025093401	0.049745649
0.899999976	1.000000000	0.949320018	0.022925699	0.047465999
1.000000000	1.100000024	0.943691015	0.020839600	0.047184549
1.100000024	1.200000048	0.918442011	0.019411899	0.045922101
1.200000048	1.299999952	0.956534982	0.019560101	0.047826748
1.299999952	1.399999976	0.936248004	0.018751800	0.046812400
1.399999976	1.500000000	0.912597001	0.017910499	0.045629852
1.500000000	1.600000024	0.940656006	0.018022399	0.047032800
1.600000024	1.700000048	0.941492021	0.017652400	0.047074601
1.700000048	1.799999952	0.940934002	0.017475700	0.047046699
1.799999952	1.899999976	0.916809976	0.016792100	0.045840502
1.899999976	2.000000000	0.957970977	0.017526699	0.047898550
2.000000000	2.200000048	0.933740020	0.011975400	0.046686999
2.200000048	2.400000095	0.957080007	0.012197900	0.047853999
2.400000095	2.599999905	0.919435024	0.012074000	0.045971751
2.599999905	2.799999952	0.921813011	0.012870400	0.046090651
2.799999952	3.000000000	0.903427005	0.013950700	0.045171350
3.000000000	3.500000000	0.919089973	0.011273200	0.045954499
3.500000000	4.000000000	0.892885983	0.016636901	0.044644300
------------------------
ka-/ka+	cent2
0.500000000	0.600000024	0.973258018	0.022923401	0.048662901
0.600000024	0.699999988	0.936622977	0.019390600	0.046831150
0.699999988	0.800000012	0.988637984	0.018938100	0.049431901
0.800000012	0.899999976	0.984768987	0.018453799	0.049238451
0.899999976	1.000000000	0.945605993	0.017071599	0.047280300
1.000000000	1.100000024	0.948068976	0.015174400	0.047403451
1.100000024	1.200000048	0.923011005	0.014151100	0.046150550
1.200000048	1.299999952	0.960206985	0.014246200	0.048010349
1.299999952	1.399999976	0.940370977	0.013675800	0.047018550
1.399999976	1.500000000	0.912945986	0.013016600	0.045647301
1.500000000	1.600000024	0.939861000	0.013090200	0.046993051
1.600000024	1.700000048	0.939336002	0.012801100	0.046966799
1.700000048	1.799999952	0.935590029	0.012650700	0.046779498
1.799999952	1.899999976	0.917046010	0.012240100	0.045852300
1.899999976	2.000000000	0.954661012	0.012739300	0.047733050
2.000000000	2.200000048	0.934879005	0.008755420	0.046743952
2.200000048	2.400000095	0.963791013	0.008988010	0.048189551
2.400000095	2.599999905	0.915171981	0.008847930	0.045758601
2.599999905	2.799999952	0.910916984	0.009418350	0.045545850
2.799999952	3.000000000	0.910495996	0.010489600	0.045524798
3.000000000	3.500000000	0.914754987	0.008482580	0.045737751
3.500000000	4.000000000	0.871258974	0.012644600	0.043562949
------------------------
ka-/ka+	cent3
0.500000000	0.600000024	0.976805985	0.024877900	0.048840299
0.600000024	0.699999988	0.953980982	0.021461001	0.047699049
0.699999988	0.800000012	1.014230013	0.021493301	0.050711501
0.800000012	0.899999976	1.000300050	0.020990901	0.050014999
0.899999976	1.000000000	0.960986972	0.019800000	0.048049349
1.000000000	1.100000024	0.949398994	0.015550200	0.047469951
1.100000024	1.200000048	0.926141977	0.014545600	0.046307102
1.200000048	1.299999952	0.963954985	0.014678000	0.048197750
1.299999952	1.399999976	0.942521989	0.014095800	0.047126099
1.399999976	1.500000000	0.916245997	0.013467100	0.045812301
1.500000000	1.600000024	0.940455973	0.013524000	0.047022801
1.600000024	1.700000048	0.942595005	0.013314400	0.047129750
1.700000048	1.799999952	0.936290026	0.013143900	0.046814501
1.799999952	1.899999976	0.918367028	0.012798100	0.045918349
1.899999976	2.000000000	0.952180028	0.013318200	0.047609001
2.000000000	2.200000048	0.937937021	0.009285050	0.046896849
2.200000048	2.400000095	0.948898971	0.009486300	0.047444951
2.400000095	2.599999905	0.906674981	0.009596330	0.045333751
2.599999905	2.799999952	0.910888016	0.010592300	0.045544401
2.799999952	3.000000000	0.901499987	0.012056300	0.045074999
3.000000000	3.500000000	0.932223022	0.010529100	0.046611149
3.500000000	4.000000000	0.890648007	0.016722100	0.044532400
------------------------
ka-/ka+	cent4
0.500000000	0.600000024	0.965969980	0.028541701	0.048298500
0.600000024	0.699999988	0.993785977	0.026443601	0.049689300
0.699999988	0.800000012	1.013919950	0.026566500	0.050696000
0.800000012	0.899999976	1.008499980	0.027275300	0.050425000
0.899999976	1.000000000	0.952960014	0.026543001	0.047648001
1.000000000	1.100000024	0.950677991	0.015115300	0.047533900
1.100000024	1.200000048	0.920038998	0.014102100	0.046001948
1.200000048	1.299999952	0.963395000	0.014425400	0.048169751
1.299999952	1.399999976	0.945169985	0.013974000	0.047258500
1.399999976	1.500000000	0.909280002	0.013357300	0.045464002
1.500000000	1.600000024	0.953441978	0.013838300	0.047672100
1.600000024	1.700000048	0.936748981	0.013549000	0.046837449
1.700000048	1.799999952	0.933838010	0.013631400	0.046691898
1.799999952	1.899999976	0.918509007	0.013517500	0.045925450
1.899999976	2.000000000	0.957979023	0.014438700	0.047898948
2.000000000	2.200000048	0.924894989	0.010139500	0.046244752
2.200000048	2.400000095	0.968454003	0.011228400	0.048422702
2.400000095	2.599999905	0.916069984	0.011894800	0.045803498
2.599999905	2.799999952	0.925648987	0.014127300	0.046282452
2.799999952	3.000000000	0.938329995	0.017343299	0.046916500
3.000000000	3.500000000	0.917566001	0.015468500	0.045878299
3.500000000	4.000000000	0.858134985	0.025891701	0.042906750
------------------------
------------------------
Au+Au 200 GeV
------------------------
pTlow pThigh yeild staterr syserr
pbar/pro	cent0
0.500000000	0.600000024	0.741988003	0.020428199	0.037099399
0.600000024	0.699999988	0.772682011	0.017880900	0.038634099
0.699999988	0.800000012	0.774945021	0.016441200	0.038747251
0.800000012	0.899999976	0.742493987	0.014940000	0.037124701
0.899999976	1.000000000	0.750203013	0.014596600	0.037510149
1.000000000	1.100000024	0.731536984	0.012744600	0.036576848
1.100000024	1.200000048	0.744819999	0.012900100	0.037241001
1.200000048	1.299999952	0.714240015	0.012070300	0.035712000
1.299999952	1.399999976	0.724457026	0.012162600	0.036222849
1.399999976	1.500000000	0.717301011	0.012015700	0.035865050
1.500000000	1.600000024	0.716237009	0.011783900	0.035811849
1.600000024	1.700000048	0.702044010	0.011502700	0.035102200
1.700000048	1.799999952	0.710124016	0.011583600	0.035506200
1.799999952	1.899999976	0.719793975	0.011644000	0.035989702
1.899999976	2.000000000	0.708908021	0.011487000	0.035445400
2.000000000	2.200000048	0.717419028	0.008288420	0.035870951
2.200000048	2.400000095	0.722518027	0.008302640	0.036125898
2.400000095	2.599999905	0.723204017	0.008382720	0.036160201
2.599999905	2.799999952	0.719129980	0.008439830	0.035956498
2.799999952	3.000000000	0.732096016	0.008835420	0.036604799
3.000000000	3.500000000	0.725332022	0.006203470	0.036266599
3.500000000	4.000000000	0.736997008	0.007695440	0.036849849
4.000000000	4.500000000	0.751848996	0.011140100	0.037592448
4.500000000	5.000000000	0.765350997	0.017515199	0.038267549
5.000000000	5.500000000	0.697435021	0.047115900	0.034871750
5.500000000	6.000000000	0.638558984	0.067980900	0.031927951
------------------------
pbar/pro	cent1
0.500000000	0.600000024	0.763314009	0.021460200	0.038165700
0.600000024	0.699999988	0.795113027	0.018726001	0.039755650
0.699999988	0.800000012	0.790090978	0.017039601	0.039504550
0.800000012	0.899999976	0.752395988	0.015396200	0.037619799
0.899999976	1.000000000	0.771120012	0.015257300	0.038555998
1.000000000	1.100000024	0.739867985	0.012901400	0.036993399
1.100000024	1.200000048	0.756274998	0.013107100	0.037813749
1.200000048	1.299999952	0.720993996	0.012195200	0.036049701
1.299999952	1.399999976	0.730458975	0.012275700	0.036522951
1.399999976	1.500000000	0.722182989	0.012111300	0.036109149
1.500000000	1.600000024	0.719811976	0.011856300	0.035990600
1.600000024	1.700000048	0.707765996	0.011613000	0.035388298
1.700000048	1.799999952	0.714909017	0.011680900	0.035745449
1.799999952	1.899999976	0.722037971	0.011701400	0.036101900
1.899999976	2.000000000	0.716130972	0.011630500	0.035806552
2.000000000	2.200000048	0.722691000	0.008372000	0.036134548
2.200000048	2.400000095	0.728452027	0.008402850	0.036422599
2.400000095	2.599999905	0.724247992	0.008441450	0.036212400
2.599999905	2.799999952	0.715174973	0.008469890	0.035758749
2.799999952	3.000000000	0.727491975	0.008895820	0.036374599
3.000000000	3.500000000	0.717142999	0.006248200	0.035857148
3.500000000	4.000000000	0.724681020	0.007825250	0.036234051
4.000000000	4.500000000	0.735715985	0.011300600	0.036785800
4.500000000	5.000000000	0.744378984	0.017806901	0.037218951
5.000000000	5.500000000	0.650225997	0.045464002	0.032511301
5.500000000	6.000000000	0.556774974	0.062045701	0.027838750
------------------------
pbar/pro	cent2
0.500000000	0.600000024	0.779573023	0.016489200	0.038978651
0.600000024	0.699999988	0.792032003	0.013920300	0.039601602
0.699999988	0.800000012	0.801567972	0.012889700	0.040078402
0.800000012	0.899999976	0.767706990	0.011737500	0.038385350
0.899999976	1.000000000	0.769864976	0.011432300	0.038493250
1.000000000	1.100000024	0.752816975	0.009487130	0.037640851
1.100000024	1.200000048	0.766794980	0.009615360	0.038339749
1.200000048	1.299999952	0.729628026	0.008940390	0.036481399
1.299999952	1.399999976	0.740827024	0.009027830	0.037041351
1.399999976	1.500000000	0.731158018	0.008904190	0.036557902
1.500000000	1.600000024	0.728954971	0.008729620	0.036447749
1.600000024	1.700000048	0.716103017	0.008549670	0.035805151
1.700000048	1.799999952	0.721175015	0.008590570	0.036058750
1.799999952	1.899999976	0.729674995	0.008629480	0.036483750
1.899999976	2.000000000	0.720918000	0.008563610	0.036045901
2.000000000	2.200000048	0.726077020	0.006157900	0.036303852
2.200000048	2.400000095	0.730315030	0.006194850	0.036515750
2.400000095	2.599999905	0.724927008	0.006256540	0.036246348
2.599999905	2.799999952	0.712812006	0.006302820	0.035640601
2.799999952	3.000000000	0.733204007	0.006779480	0.036660202
3.000000000	3.500000000	0.719928026	0.004840680	0.035996400
3.500000000	4.000000000	0.715590000	0.006227940	0.035779499
4.000000000	4.500000000	0.726260006	0.009253360	0.036313001
4.500000000	5.000000000	0.724768996	0.014617400	0.036238451
5.000000000	5.500000000	0.597023010	0.034504399	0.029851150
5.500000000	6.000000000	0.622186005	0.055103999	0.031109300
------------------------
pbar/pro	cent3
0.500000000	0.600000024	0.801769972	0.019127199	0.040088501
0.600000024	0.699999988	0.816519976	0.016170399	0.040826000
0.699999988	0.800000012	0.831476986	0.015044300	0.041573849
0.800000012	0.899999976	0.787840009	0.013680400	0.039391998
0.899999976	1.000000000	0.791085005	0.013549300	0.039554249
1.000000000	1.100000024	0.770861030	0.009910430	0.038543049
1.100000024	1.200000048	0.785412014	0.010069600	0.039270598
1.200000048	1.299999952	0.745926023	0.009367450	0.037296299
1.299999952	1.399999976	0.754485011	0.009448090	0.037724249
1.399999976	1.500000000	0.746559978	0.009358780	0.037328001
1.500000000	1.600000024	0.740709007	0.009164430	0.037035450
1.600000024	1.700000048	0.728182018	0.009006120	0.036409099
1.700000048	1.799999952	0.727918029	0.009011320	0.036395900
1.799999952	1.899999976	0.739697993	0.009128250	0.036984898
1.899999976	2.000000000	0.730843008	0.009100640	0.036542151
2.000000000	2.200000048	0.732963979	0.006585540	0.036648199
2.200000048	2.400000095	0.732493997	0.006715390	0.036624700
2.400000095	2.599999905	0.727458000	0.006963560	0.036372900
2.599999905	2.799999952	0.712952018	0.007251340	0.035647601
2.799999952	3.000000000	0.725220025	0.008021130	0.036261000
3.000000000	3.500000000	0.717738986	0.006181710	0.035886951
3.500000000	4.000000000	0.718665004	0.008839960	0.035933249
4.000000000	4.500000000	0.725063026	0.013714500	0.036253151
4.500000000	5.000000000	0.696316004	0.021066900	0.034815799
5.000000000	5.500000000	0.560209990	0.050490901	0.028010501
5.500000000	6.000000000	0.701506019	0.091208398	0.035075299
------------------------
pbar/pro	cent4
0.500000000	0.600000024	0.803152978	0.023738300	0.040157650
0.600000024	0.699999988	0.869571984	0.020899801	0.043478601
0.699999988	0.800000012	0.866885006	0.019660501	0.043344252
0.800000012	0.899999976	0.797554016	0.018054200	0.039877702
0.899999976	1.000000000	0.811776996	0.018761501	0.040588848
1.000000000	1.100000024	0.783917010	0.009768150	0.039195850
1.100000024	1.200000048	0.798417985	0.010002900	0.039920900
1.200000048	1.299999952	0.763096988	0.009442110	0.038154852
1.299999952	1.399999976	0.763256013	0.009508670	0.038162801
1.399999976	1.500000000	0.750369012	0.009458020	0.037518449
1.500000000	1.600000024	0.743427992	0.009350530	0.037171401
1.600000024	1.700000048	0.733323991	0.009348860	0.036666200
1.700000048	1.799999952	0.734134972	0.009528510	0.036706749
1.799999952	1.899999976	0.750851989	0.009918950	0.037542600
1.899999976	2.000000000	0.741339982	0.010108900	0.037067000
2.000000000	2.200000048	0.736603975	0.007521470	0.036830202
2.200000048	2.400000095	0.728654027	0.008152710	0.036432698
2.400000095	2.599999905	0.725959003	0.009176790	0.036297951
2.599999905	2.799999952	0.715120018	0.010452300	0.035755999
2.799999952	3.000000000	0.706323981	0.012171300	0.035316199
3.000000000	3.500000000	0.714928985	0.010524500	0.035746451
3.500000000	4.000000000	0.722186029	0.016453899	0.036109298
4.000000000	4.500000000	0.722716987	0.025837701	0.036135849
4.500000000	5.000000000	0.818678021	0.046120301	0.040933900
5.000000000	5.500000000	0.554184020	0.086835600	0.027709199
5.500000000	6.000000000	0.538244009	0.126512006	0.026912199
------------------------
------------------------
Au+Au 200 GeV
------------------------
pTlow pThigh yeild staterr syserr
ka+/pi+	cent0
0.500000000	0.600000024	0.191815004	0.004847560	0.009590750
0.600000024	0.699999988	0.236947998	0.005394110	0.011847400
0.699999988	0.800000012	0.266404003	0.005655520	0.013320200
0.800000012	0.899999976	0.293769985	0.006140460	0.014688500
0.899999976	1.000000000	0.320538014	0.006507960	0.016026899
1.000000000	1.100000024	0.355477005	0.006790090	0.017773850
1.100000024	1.200000048	0.381693989	0.007117060	0.019084699
1.200000048	1.299999952	0.386554003	0.007034610	0.019327700
1.299999952	1.399999976	0.414061993	0.007451580	0.020703100
1.399999976	1.500000000	0.442846000	0.007882030	0.022142300
1.500000000	1.600000024	0.446112990	0.007771560	0.022305651
1.600000024	1.700000048	0.453399003	0.007828480	0.022669951
1.700000048	1.799999952	0.476765007	0.008165870	0.023838250
1.799999952	1.899999976	0.507954001	0.008610400	0.025397699
1.899999976	2.000000000	0.523627996	0.008827010	0.026181400
2.000000000	2.200000048	0.542334020	0.006520280	0.027116699
2.200000048	2.400000095	0.586269021	0.006966170	0.029313451
2.400000095	2.599999905	0.630011022	0.007733040	0.031500552
2.599999905	2.799999952	0.628003001	0.008190070	0.031400152
2.799999952	3.000000000	0.644347012	0.009265610	0.032217350
3.000000000	3.500000000	0.662060022	0.007465540	0.033103000
3.500000000	4.000000000	0.793483973	0.013243700	0.039674200
------------------------
ka+/pi+	cent1
0.500000000	0.600000024	0.183153003	0.004664800	0.009157650
0.600000024	0.699999988	0.229350999	0.005255600	0.011467550
0.699999988	0.800000012	0.258044004	0.005527640	0.012902200
0.800000012	0.899999976	0.288356006	0.006083010	0.014417800
0.899999976	1.000000000	0.314815998	0.006462420	0.015740801
1.000000000	1.100000024	0.350740999	0.006700820	0.017537050
1.100000024	1.200000048	0.375966012	0.007011960	0.018798299
1.200000048	1.299999952	0.381467998	0.006943940	0.019073401
1.299999952	1.399999976	0.408179998	0.007349260	0.020408999
1.399999976	1.500000000	0.433366001	0.007718570	0.021668300
1.500000000	1.600000024	0.438216001	0.007639100	0.021910800
1.600000024	1.700000048	0.444270015	0.007676640	0.022213500
1.700000048	1.799999952	0.466811001	0.008003860	0.023340549
1.799999952	1.899999976	0.495777011	0.008415190	0.024788851
1.899999976	2.000000000	0.509563982	0.008603890	0.025478199
2.000000000	2.200000048	0.526794016	0.006342150	0.026339700
2.200000048	2.400000095	0.570158005	0.006793780	0.028507899
2.400000095	2.599999905	0.613074005	0.007549090	0.030653700
2.599999905	2.799999952	0.619659007	0.008126220	0.030982951
2.799999952	3.000000000	0.639243007	0.009250000	0.031962149
3.000000000	3.500000000	0.656283021	0.007474630	0.032814149
3.500000000	4.000000000	0.785923004	0.013367100	0.039296150
------------------------
ka+/pi+	cent2
0.500000000	0.600000024	0.182854995	0.003415360	0.009142750
0.600000024	0.699999988	0.226753995	0.003829310	0.011337700
0.699999988	0.800000012	0.253475010	0.003996060	0.012673750
0.800000012	0.899999976	0.285941988	0.004459560	0.014297100
0.899999976	1.000000000	0.307819992	0.004689480	0.015391000
1.000000000	1.100000024	0.343003988	0.004745780	0.017150201
1.100000024	1.200000048	0.366212994	0.004949700	0.018310649
1.200000048	1.299999952	0.371569008	0.004901780	0.018578449
1.299999952	1.399999976	0.395563006	0.005162690	0.019778149
1.399999976	1.500000000	0.421270013	0.005440430	0.021063499
1.500000000	1.600000024	0.422852993	0.005348030	0.021142650
1.600000024	1.700000048	0.427477002	0.005357980	0.021373849
1.700000048	1.799999952	0.449506015	0.005593900	0.022475300
1.799999952	1.899999976	0.476734012	0.005878940	0.023836700
1.899999976	2.000000000	0.490067989	0.006016400	0.024503401
2.000000000	2.200000048	0.505518973	0.004426660	0.025275949
2.200000048	2.400000095	0.545805991	0.004737050	0.027290300
2.400000095	2.599999905	0.591364026	0.005332900	0.029568201
2.599999905	2.799999952	0.600624025	0.005794760	0.030031200
2.799999952	3.000000000	0.615531981	0.006593400	0.030776599
3.000000000	3.500000000	0.648284018	0.005533040	0.032414202
3.500000000	4.000000000	0.781346023	0.010242600	0.039067298
------------------------
ka+/pi+	cent3
0.500000000	0.600000024	0.176963001	0.003529890	0.008848150
0.600000024	0.699999988	0.221369997	0.004009090	0.011068500
0.699999988	0.800000012	0.243446007	0.004190380	0.012172300
0.800000012	0.899999976	0.273387015	0.004691260	0.013669350
0.899999976	1.000000000	0.294082999	0.004987550	0.014704150
1.000000000	1.100000024	0.326849997	0.004619640	0.016342500
1.100000024	1.200000048	0.346720994	0.004789310	0.017336050
1.200000048	1.299999952	0.350077987	0.004727060	0.017503900
1.299999952	1.399999976	0.371897995	0.004975580	0.018594900
1.399999976	1.500000000	0.395132005	0.005241050	0.019756600
1.500000000	1.600000024	0.396555990	0.005156040	0.019827800
1.600000024	1.700000048	0.398739994	0.005152160	0.019936999
1.700000048	1.799999952	0.418330014	0.005380700	0.020916499
1.799999952	1.899999976	0.441630006	0.005647430	0.022081500
1.899999976	2.000000000	0.454086989	0.005799230	0.022704350
2.000000000	2.200000048	0.469247997	0.004300290	0.023462400
2.200000048	2.400000095	0.513212025	0.004721250	0.025660601
2.400000095	2.599999905	0.553629994	0.005376410	0.027681500
2.599999905	2.799999952	0.563757002	0.005992350	0.028187850
2.799999952	3.000000000	0.581434011	0.007056650	0.029071700
3.000000000	3.500000000	0.601117015	0.006079160	0.030055851
3.500000000	4.000000000	0.734534025	0.012221600	0.036726698
------------------------
ka+/pi+	cent4
0.500000000	0.600000024	0.172711000	0.003872380	0.008635550
0.600000024	0.699999988	0.208416000	0.004336680	0.010420800
0.699999988	0.800000012	0.227181002	0.004648200	0.011359050
0.800000012	0.899999976	0.253964007	0.005386220	0.012698200
0.899999976	1.000000000	0.272011012	0.005925450	0.013600550
1.000000000	1.100000024	0.300000995	0.004087090	0.015000050
1.100000024	1.200000048	0.320392996	0.004283360	0.016019650
1.200000048	1.299999952	0.319229990	0.004194870	0.015961500
1.299999952	1.399999976	0.339789003	0.004439120	0.016989451
1.399999976	1.500000000	0.360044003	0.004706060	0.018002201
1.500000000	1.600000024	0.357778013	0.004624740	0.017888900
1.600000024	1.700000048	0.364430994	0.004725060	0.018221550
1.700000048	1.799999952	0.384038001	0.005016580	0.019201901
1.799999952	1.899999976	0.405427992	0.005339340	0.020271400
1.899999976	2.000000000	0.414375991	0.005533970	0.020718800
2.000000000	2.200000048	0.438533008	0.004296480	0.021926651
2.200000048	2.400000095	0.477892995	0.004916320	0.023894651
2.400000095	2.599999905	0.521709025	0.005973040	0.026085449
2.599999905	2.799999952	0.520024002	0.006928740	0.026001200
2.799999952	3.000000000	0.542288005	0.008718780	0.027114401
3.000000000	3.500000000	0.562946975	0.008137470	0.028147349
3.500000000	4.000000000	0.680128992	0.017540401	0.034006450
------------------------
------------------------
Au+Au 200 GeV
------------------------
pTlow pThigh yeild staterr syserr
ka-/pi-	cent0
0.500000000	0.600000024	0.180124000	0.004692050	0.009006200
0.600000024	0.699999988	0.213505998	0.004950360	0.010675300
0.699999988	0.800000012	0.260722995	0.005696400	0.013036150
0.800000012	0.899999976	0.293675005	0.006320230	0.014683750
0.899999976	1.000000000	0.305656999	0.006373530	0.015282850
1.000000000	1.100000024	0.330139011	0.006531440	0.016506949
1.100000024	1.200000048	0.345310986	0.006551810	0.017265551
1.200000048	1.299999952	0.371704996	0.006926860	0.018585250
1.299999952	1.399999976	0.383139014	0.007025150	0.019156950
1.399999976	1.500000000	0.392951012	0.007053270	0.019647550
1.500000000	1.600000024	0.418460011	0.007423210	0.020923000
1.600000024	1.700000048	0.428074002	0.007497890	0.021403700
1.700000048	1.799999952	0.452064991	0.007847010	0.022603249
1.799999952	1.899999976	0.468564004	0.008021750	0.023428200
1.899999976	2.000000000	0.503750026	0.008646710	0.025187500
2.000000000	2.200000048	0.518074989	0.006261710	0.025903750
2.200000048	2.400000095	0.569525003	0.006895520	0.028476249
2.400000095	2.599999905	0.577542007	0.007148820	0.028877100
2.599999905	2.799999952	0.589372993	0.007753490	0.029468650
2.799999952	3.000000000	0.594690025	0.008605290	0.029734500
3.000000000	3.500000000	0.622466981	0.007127690	0.031123349
3.500000000	4.000000000	0.691757977	0.011849200	0.034587901
------------------------
ka-/pi-	cent1
0.500000000	0.600000024	0.174964994	0.004589020	0.008748250
0.600000024	0.699999988	0.207803994	0.004854670	0.010390200
0.699999988	0.800000012	0.254592001	0.005601340	0.012729600
0.800000012	0.899999976	0.288639009	0.006267720	0.014431950
0.899999976	1.000000000	0.297428012	0.006268400	0.014871400
1.000000000	1.100000024	0.325230002	0.006440080	0.016261499
1.100000024	1.200000048	0.340353012	0.006462700	0.017017649
1.200000048	1.299999952	0.365227997	0.006810360	0.018261399
1.299999952	1.399999976	0.377029002	0.006917770	0.018851450
1.399999976	1.500000000	0.385190010	0.006918850	0.019259499
1.500000000	1.600000024	0.410573989	0.007291530	0.020528700
1.600000024	1.700000048	0.418960989	0.007347830	0.020948051
1.700000048	1.799999952	0.441628993	0.007674700	0.022081450
1.799999952	1.899999976	0.455760986	0.007818670	0.022788050
1.899999976	2.000000000	0.488288999	0.008397440	0.024414450
2.000000000	2.200000048	0.502342999	0.006081770	0.025117150
2.200000048	2.400000095	0.550368011	0.006682690	0.027518401
2.400000095	2.599999905	0.560911000	0.006973480	0.028045550
2.599999905	2.799999952	0.578365982	0.007648810	0.028918300
2.799999952	3.000000000	0.584698021	0.008528430	0.029234899
3.000000000	3.500000000	0.610403001	0.007054750	0.030520150
3.500000000	4.000000000	0.690774977	0.012029100	0.034538750
------------------------
ka-/pi-	cent2
0.500000000	0.600000024	0.173815995	0.003343510	0.008690800
0.600000024	0.699999988	0.204689994	0.003513440	0.010234500
0.699999988	0.800000012	0.252391011	0.004091590	0.012619550
0.800000012	0.899999976	0.280501992	0.004495340	0.014025100
0.899999976	1.000000000	0.289265990	0.004524130	0.014463300
1.000000000	1.100000024	0.319359004	0.004580460	0.015967950
1.100000024	1.200000048	0.333039999	0.004582340	0.016651999
1.200000048	1.299999952	0.356916994	0.004823740	0.017845850
1.299999952	1.399999976	0.366706997	0.004880070	0.018335350
1.399999976	1.500000000	0.374240994	0.004877070	0.018712049
1.500000000	1.600000024	0.396353006	0.005108000	0.019817650
1.600000024	1.700000048	0.402435005	0.005120610	0.020121749
1.700000048	1.799999952	0.422591001	0.005336590	0.021129550
1.799999952	1.899999976	0.438136995	0.005464500	0.021906851
1.899999976	2.000000000	0.467225999	0.005845410	0.023361299
2.000000000	2.200000048	0.481950015	0.004247470	0.024097500
2.200000048	2.400000095	0.528877974	0.004685440	0.026443901
2.400000095	2.599999905	0.537959993	0.004899110	0.026898000
2.599999905	2.799999952	0.551173985	0.005368680	0.027558699
2.799999952	3.000000000	0.565653980	0.006121400	0.028282700
3.000000000	3.500000000	0.599430978	0.005212010	0.029971549
3.500000000	4.000000000	0.663176000	0.008954820	0.033158801
------------------------
ka-/pi-	cent3
0.500000000	0.600000024	0.168834001	0.003476720	0.008441700
0.600000024	0.699999988	0.203832000	0.003755380	0.010191600
0.699999988	0.800000012	0.248212993	0.004362350	0.012410650
0.800000012	0.899999976	0.273898005	0.004815740	0.013694900
0.899999976	1.000000000	0.281298012	0.004919620	0.014064900
1.000000000	1.100000024	0.304217994	0.004459310	0.015210900
1.100000024	1.200000048	0.316222996	0.004451460	0.015811151
1.200000048	1.299999952	0.337651998	0.004674530	0.016882600
1.299999952	1.399999976	0.345225990	0.004713610	0.017261300
1.399999976	1.500000000	0.351473987	0.004707180	0.017573699
1.500000000	1.600000024	0.371455014	0.004927280	0.018572750
1.600000024	1.700000048	0.375290990	0.004929450	0.018764550
1.700000048	1.799999952	0.393440008	0.005134450	0.019672001
1.799999952	1.899999976	0.405968010	0.005258640	0.020298401
1.899999976	2.000000000	0.432644993	0.005639730	0.021632250
2.000000000	2.200000048	0.448249012	0.004142670	0.022412449
2.200000048	2.400000095	0.490871012	0.004612040	0.024543550
2.400000095	2.599999905	0.499293000	0.004919950	0.024964649
2.599999905	2.799999952	0.515604019	0.005562110	0.025780199
2.799999952	3.000000000	0.527238011	0.006493190	0.026361899
3.000000000	3.500000000	0.566725016	0.005861440	0.028336249
3.500000000	4.000000000	0.637385011	0.010932600	0.031869251
------------------------
ka-/pi-	cent4
0.500000000	0.600000024	0.163726002	0.003796980	0.008186300
0.600000024	0.699999988	0.199029997	0.004160610	0.009951500
0.699999988	0.800000012	0.232572004	0.004844850	0.011628600
0.800000012	0.899999976	0.253619999	0.005475050	0.012681000
0.899999976	1.000000000	0.256484985	0.005767300	0.012824250
1.000000000	1.100000024	0.279249012	0.003946660	0.013962450
1.100000024	1.200000048	0.289130002	0.003942830	0.014456500
1.200000048	1.299999952	0.306533009	0.004136330	0.015326650
1.299999952	1.399999976	0.314922005	0.004210880	0.015746100
1.399999976	1.500000000	0.316978991	0.004189240	0.015848950
1.500000000	1.600000024	0.339989007	0.004483390	0.016999450
1.600000024	1.700000048	0.340402991	0.004494920	0.017020149
1.700000048	1.799999952	0.358570009	0.004769540	0.017928500
1.799999952	1.899999976	0.371096998	0.004960300	0.018554850
1.899999976	2.000000000	0.395408988	0.005410920	0.019770451
2.000000000	2.200000048	0.411787987	0.004094730	0.020589400
2.200000048	2.400000095	0.463059008	0.004871450	0.023152949
2.400000095	2.599999905	0.475979000	0.005550120	0.023798950
2.599999905	2.799999952	0.485543013	0.006612270	0.024277151
2.799999952	3.000000000	0.508679986	0.008346700	0.025434000
3.000000000	3.500000000	0.515190005	0.007689430	0.025759500
3.500000000	4.000000000	0.567214012	0.015280100	0.028360700
------------------------
------------------------
Au+Au 200 GeV
------------------------
pTlow pThigh yeild staterr syserr
pro/pi+	cent0
0.500000000	0.600000024	0.034836300	0.000744257	0.001741815
0.600000024	0.699999988	0.056997500	0.001081400	0.002849875
0.699999988	0.800000012	0.086738303	0.001568550	0.004336915
0.800000012	0.899999976	0.120127998	0.002138750	0.006006400
0.899999976	1.000000000	0.156397000	0.002738850	0.007819850
1.000000000	1.100000024	0.202404007	0.003324170	0.010120200
1.100000024	1.200000048	0.256422997	0.004173950	0.012821150
1.200000048	1.299999952	0.303187996	0.004916500	0.015159400
1.299999952	1.399999976	0.353143990	0.005686330	0.017657200
1.399999976	1.500000000	0.420733988	0.006754700	0.021036699
1.500000000	1.600000024	0.457962006	0.007289590	0.022898100
1.600000024	1.700000048	0.507772028	0.008118350	0.025388600
1.700000048	1.799999952	0.551021993	0.008750520	0.027551100
1.799999952	1.899999976	0.600246012	0.009438790	0.030012300
1.899999976	2.000000000	0.646920979	0.010196300	0.032346051
2.000000000	2.200000048	0.682455003	0.007721520	0.034122750
2.200000048	2.400000095	0.726064980	0.008165110	0.036303248
2.400000095	2.599999905	0.766822994	0.008748330	0.038341150
2.599999905	2.799999952	0.755392015	0.008989890	0.037769601
2.799999952	3.000000000	0.739340007	0.009372690	0.036967002
3.000000000	3.500000000	0.707293987	0.006718030	0.035364699
3.500000000	4.000000000	0.668429017	0.008612350	0.033421449
4.000000000	4.500000000	0.612708986	0.012177700	0.030635450
4.500000000	5.000000000	0.507920027	0.015449600	0.025396001
5.000000000	5.500000000	0.429897010	0.038607702	0.021494851
5.500000000	6.000000000	0.383080006	0.051101699	0.019153999
------------------------
pro/pi+	cent1
0.500000000	0.600000024	0.034101900	0.000738860	0.001705095
0.600000024	0.699999988	0.056487601	0.001084740	0.002824380
0.699999988	0.800000012	0.086515598	0.001580620	0.004325780
0.800000012	0.899999976	0.118541002	0.002134510	0.005927050
0.899999976	1.000000000	0.153932005	0.002725130	0.007696600
1.000000000	1.100000024	0.199431002	0.003276500	0.009971550
1.100000024	1.200000048	0.250526011	0.004079330	0.012526300
1.200000048	1.299999952	0.295693994	0.004796590	0.014784700
1.299999952	1.399999976	0.342779994	0.005521930	0.017139001
1.399999976	1.500000000	0.405317992	0.006510870	0.020265900
1.500000000	1.600000024	0.440506995	0.007016080	0.022025350
1.600000024	1.700000048	0.484524995	0.007752000	0.024226250
1.700000048	1.799999952	0.524213016	0.008332510	0.026210651
1.799999952	1.899999976	0.567574978	0.008934460	0.028378749
1.899999976	2.000000000	0.610252976	0.009630890	0.030512650
2.000000000	2.200000048	0.635891020	0.007201160	0.031794552
2.200000048	2.400000095	0.675581992	0.007612910	0.033779100
2.400000095	2.599999905	0.710900009	0.008140170	0.035544999
2.599999905	2.799999952	0.709227026	0.008486260	0.035461351
2.799999952	3.000000000	0.684985995	0.008746000	0.034249298
3.000000000	3.500000000	0.663595974	0.006371740	0.033179801
3.500000000	4.000000000	0.638355017	0.008393680	0.031917751
4.000000000	4.500000000	0.591148973	0.011944800	0.029557450
4.500000000	5.000000000	0.528439999	0.016852699	0.026422000
5.000000000	5.500000000	0.504590988	0.048317902	0.025229551
5.500000000	6.000000000	0.429803997	0.060486902	0.021490199
------------------------
pro/pi+	cent2
0.500000000	0.600000024	0.035545401	0.000572424	0.001777270
0.600000024	0.699999988	0.059843700	0.000847628	0.002992185
0.699999988	0.800000012	0.090529002	0.001221340	0.004526450
0.800000012	0.899999976	0.122726999	0.001632060	0.006136350
0.899999976	1.000000000	0.157599002	0.002067110	0.007879950
1.000000000	1.100000024	0.200703993	0.002384300	0.010035200
1.100000024	1.200000048	0.249239996	0.002936340	0.012462000
1.200000048	1.299999952	0.290006012	0.003406600	0.014500300
1.299999952	1.399999976	0.331681997	0.003870400	0.016584100
1.399999976	1.500000000	0.388850987	0.004527990	0.019442551
1.500000000	1.600000024	0.417273015	0.004821020	0.020863650
1.600000024	1.700000048	0.454968005	0.005281190	0.022748400
1.700000048	1.799999952	0.488476008	0.005638280	0.024423800
1.799999952	1.899999976	0.524293005	0.005998030	0.026214650
1.899999976	2.000000000	0.558705986	0.006414290	0.027935300
2.000000000	2.200000048	0.581420004	0.004792490	0.029070999
2.200000048	2.400000095	0.608971000	0.005008020	0.030448550
2.400000095	2.599999905	0.635824978	0.005336590	0.031791251
2.599999905	2.799999952	0.630644977	0.005558600	0.031532250
2.799999952	3.000000000	0.606145024	0.005748000	0.030307250
3.000000000	3.500000000	0.588079989	0.004246650	0.029403999
3.500000000	4.000000000	0.581098974	0.005924750	0.029054951
4.000000000	4.500000000	0.549036980	0.008842990	0.027451850
4.500000000	5.000000000	0.466165990	0.011831200	0.023308299
5.000000000	5.500000000	0.431407988	0.031605601	0.021570399
5.500000000	6.000000000	0.485881001	0.057902500	0.024294050
------------------------
pro/pi+	cent3
0.500000000	0.600000024	0.041591600	0.000732746	0.002079580
0.600000024	0.699999988	0.067084499	0.001036250	0.003354225
0.699999988	0.800000012	0.099826202	0.001469180	0.004991310
0.800000012	0.899999976	0.132993996	0.001936900	0.006649700
0.899999976	1.000000000	0.167097002	0.002432170	0.008354850
1.000000000	1.100000024	0.205905005	0.002493830	0.010295250
1.100000024	1.200000048	0.248440996	0.002988560	0.012422050
1.200000048	1.299999952	0.283012986	0.003397800	0.014150650
1.299999952	1.399999976	0.316852003	0.003786830	0.015842600
1.399999976	1.500000000	0.362917989	0.004332500	0.018145900
1.500000000	1.600000024	0.382467985	0.004539920	0.019123400
1.600000024	1.700000048	0.409087002	0.004888970	0.020454351
1.700000048	1.799999952	0.434394985	0.005175170	0.021719750
1.799999952	1.899999976	0.457668006	0.005420390	0.022883400
1.899999976	2.000000000	0.479299009	0.005716820	0.023964951
2.000000000	2.200000048	0.492029011	0.004237070	0.024601450
2.200000048	2.400000095	0.504211009	0.004387240	0.025210550
2.400000095	2.599999905	0.518863022	0.004695780	0.025943151
2.599999905	2.799999952	0.506000996	0.004923490	0.025300050
2.799999952	3.000000000	0.487450987	0.005243800	0.024372550
3.000000000	3.500000000	0.469072998	0.004023190	0.023453649
3.500000000	4.000000000	0.460236013	0.006047600	0.023011800
4.000000000	4.500000000	0.442598999	0.009622790	0.022129949
4.500000000	5.000000000	0.407831997	0.014368500	0.020391600
5.000000000	5.500000000	0.311329007	0.031580999	0.015566450
5.500000000	6.000000000	0.489870012	0.088107497	0.024493501
------------------------
pro/pi+	cent4
0.500000000	0.600000024	0.049287401	0.001009130	0.002464370
0.600000024	0.699999988	0.081314199	0.001445410	0.004065710
0.699999988	0.800000012	0.112827003	0.001962060	0.005641350
0.800000012	0.899999976	0.144122005	0.002539090	0.007206100
0.899999976	1.000000000	0.172621995	0.003141380	0.008631100
1.000000000	1.100000024	0.206790999	0.002405840	0.010339550
1.100000024	1.200000048	0.242837995	0.002819890	0.012141900
1.200000048	1.299999952	0.264775991	0.003087170	0.013238800
1.299999952	1.399999976	0.289191991	0.003373440	0.014459600
1.399999976	1.500000000	0.322793007	0.003794620	0.016139651
1.500000000	1.600000024	0.333002001	0.003916280	0.016650099
1.600000024	1.700000048	0.347487003	0.004152040	0.017374350
1.700000048	1.799999952	0.360666007	0.004349800	0.018033300
1.799999952	1.899999976	0.371556997	0.004526060	0.018577849
1.899999976	2.000000000	0.384849995	0.004785700	0.019242501
2.000000000	2.200000048	0.385908991	0.003566370	0.019295450
2.200000048	2.400000095	0.390922993	0.003853430	0.019546149
2.400000095	2.599999905	0.392953008	0.004290120	0.019647650
2.599999905	2.799999952	0.382734001	0.004800140	0.019136701
2.799999952	3.000000000	0.375440001	0.005547820	0.018772000
3.000000000	3.500000000	0.339412004	0.004358580	0.016970599
3.500000000	4.000000000	0.328664005	0.007012530	0.016433200
4.000000000	4.500000000	0.298465014	0.010606900	0.014923250
4.500000000	5.000000000	0.261198014	0.015285000	0.013059900
5.000000000	5.500000000	0.286404014	0.047942098	0.014320200
5.500000000	6.000000000	0.337103009	0.090463102	0.016855150
------------------------
------------------------
Au+Au 200 GeV
------------------------
pTlow pThigh yeild staterr syserr
pbar/pi-	cent0
0.500000000	0.600000024	0.025301199	0.000625925	0.001265060
0.600000024	0.699999988	0.042325702	0.000909030	0.002116285
0.699999988	0.800000012	0.067653298	0.001343080	0.003382665
0.800000012	0.899999976	0.089212298	0.001706870	0.004460615
0.899999976	1.000000000	0.117524996	0.002204580	0.005876250
1.000000000	1.100000024	0.145862997	0.002538830	0.007293150
1.100000024	1.200000048	0.188517004	0.003246190	0.009425850
1.200000048	1.299999952	0.217008993	0.003653200	0.010850450
1.299999952	1.399999976	0.252898991	0.004247070	0.012644950
1.399999976	1.500000000	0.293848991	0.004893170	0.014692450
1.500000000	1.600000024	0.327538997	0.005374430	0.016376950
1.600000024	1.700000048	0.357250988	0.005838350	0.017862551
1.700000048	1.799999952	0.394219011	0.006412340	0.019710951
1.799999952	1.899999976	0.433111995	0.006994170	0.021655601
1.899999976	2.000000000	0.460150987	0.007414990	0.023007549
2.000000000	2.200000048	0.499516994	0.005746100	0.024975849
2.200000048	2.400000095	0.528271973	0.006076270	0.026413601
2.400000095	2.599999905	0.552160978	0.006469040	0.027608050
2.599999905	2.799999952	0.553530991	0.006710320	0.027676551
2.799999952	3.000000000	0.543120027	0.007012090	0.027155999
3.000000000	3.500000000	0.523289979	0.005078470	0.026164500
3.500000000	4.000000000	0.486483008	0.006548630	0.024324151
4.000000000	4.500000000	0.437433004	0.008959020	0.021871651
4.500000000	5.000000000	0.433429986	0.014013000	0.021671500
5.000000000	5.500000000	0.321601003	0.029203700	0.016080050
5.500000000	6.000000000	0.378605008	0.058990400	0.018930251
------------------------
pbar/pi-	cent1
0.500000000	0.600000024	0.025533499	0.000642507	0.001276675
0.600000024	0.699999988	0.043310501	0.000941981	0.002165525
0.699999988	0.800000012	0.068814799	0.001383280	0.003440740
0.800000012	0.899999976	0.089733697	0.001737470	0.004486685
0.899999976	1.000000000	0.118130997	0.002242700	0.005906550
1.000000000	1.100000024	0.144984007	0.002526130	0.007249200
1.100000024	1.200000048	0.186750993	0.003217900	0.009337550
1.200000048	1.299999952	0.213392004	0.003595310	0.010669600
1.299999952	1.399999976	0.247026995	0.004152700	0.012351350
1.399999976	1.500000000	0.285091996	0.004752540	0.014254600
1.500000000	1.600000024	0.315824002	0.005187800	0.015791200
1.600000024	1.700000048	0.343490988	0.005621840	0.017174549
1.700000048	1.799999952	0.376803994	0.006137830	0.018840199
1.799999952	1.899999976	0.410917014	0.006648550	0.020545850
1.899999976	2.000000000	0.437146991	0.007059920	0.021857349
2.000000000	2.200000048	0.469318986	0.005412140	0.023465950
2.200000048	2.400000095	0.496351004	0.005725490	0.024817551
2.400000095	2.599999905	0.512337983	0.006028960	0.025616899
2.599999905	2.799999952	0.513575971	0.006269420	0.025678800
2.799999952	3.000000000	0.504525006	0.006581810	0.025226250
3.000000000	3.500000000	0.481588989	0.004732380	0.024079449
3.500000000	4.000000000	0.455374986	0.006261200	0.022768751
4.000000000	4.500000000	0.420201004	0.008822040	0.021010051
4.500000000	5.000000000	0.403867990	0.013428900	0.020193400
5.000000000	5.500000000	0.284734994	0.026101399	0.014236750
5.500000000	6.000000000	0.291034997	0.045084599	0.014551750
------------------------
pbar/pi-	cent2
0.500000000	0.600000024	0.027064100	0.000507896	0.001353205
0.600000024	0.699999988	0.045681201	0.000735865	0.002284060
0.699999988	0.800000012	0.073085301	0.001086440	0.003654265
0.800000012	0.899999976	0.093855001	0.001346490	0.004692750
0.899999976	1.000000000	0.120575003	0.001701970	0.006028750
1.000000000	1.100000024	0.148384005	0.001869010	0.007419200
1.100000024	1.200000048	0.188300997	0.002347270	0.009415050
1.200000048	1.299999952	0.211676002	0.002581430	0.010583800
1.299999952	1.399999976	0.242238000	0.002949720	0.012111900
1.399999976	1.500000000	0.276656002	0.003343300	0.013832800
1.500000000	1.600000024	0.303353995	0.003614780	0.015167700
1.600000024	1.700000048	0.326526999	0.003878490	0.016326349
1.700000048	1.799999952	0.353983998	0.004190880	0.017699201
1.799999952	1.899999976	0.383394986	0.004511380	0.019169750
1.899999976	2.000000000	0.402244985	0.004733310	0.020112250
2.000000000	2.200000048	0.430509001	0.003617980	0.021525450
2.200000048	2.400000095	0.447138011	0.003772000	0.022356899
2.400000095	2.599999905	0.458166987	0.003963310	0.022908350
2.599999905	2.799999952	0.452863008	0.004089570	0.022643151
2.799999952	3.000000000	0.448563010	0.004365020	0.022428149
3.000000000	3.500000000	0.427951008	0.003188760	0.021397550
3.500000000	4.000000000	0.405090988	0.004350500	0.020254551
4.000000000	4.500000000	0.385805011	0.006514300	0.019290250
4.500000000	5.000000000	0.370687991	0.010081100	0.018534400
5.000000000	5.500000000	0.289734006	0.022370700	0.014486700
5.500000000	6.000000000	0.347959995	0.044093199	0.017398000
------------------------
pbar/pi-	cent3
0.500000000	0.600000024	0.032570500	0.000676987	0.001628525
0.600000024	0.699999988	0.052869000	0.000938242	0.002643450
0.699999988	0.800000012	0.083440997	0.001363050	0.004172050
0.800000012	0.899999976	0.104942001	0.001668090	0.005247100
0.899999976	1.000000000	0.131575003	0.002082340	0.006578750
1.000000000	1.100000024	0.155607000	0.001998530	0.007780350
1.100000024	1.200000048	0.192157000	0.002445530	0.009607850
1.200000048	1.299999952	0.211227000	0.002635690	0.010561350
1.299999952	1.399999976	0.235448003	0.002938230	0.011772400
1.399999976	1.500000000	0.263033986	0.003263090	0.013151700
1.500000000	1.600000024	0.282166988	0.003460410	0.014108350
1.600000024	1.700000048	0.297446996	0.003644210	0.014872350
1.700000048	1.799999952	0.317625999	0.003890060	0.015881300
1.799999952	1.899999976	0.338862002	0.004138140	0.016943101
1.899999976	2.000000000	0.350511998	0.004295490	0.017525600
2.000000000	2.200000048	0.367296010	0.003243180	0.018364800
2.200000048	2.400000095	0.372278005	0.003356740	0.018613899
2.400000095	2.599999905	0.375443995	0.003544100	0.018772200
2.599999905	2.799999952	0.362219006	0.003674340	0.018110950
2.799999952	3.000000000	0.355583012	0.004002770	0.017779149
3.000000000	3.500000000	0.340487003	0.003088760	0.017024349
3.500000000	4.000000000	0.322248012	0.004524940	0.016112400
4.000000000	4.500000000	0.310718000	0.007166090	0.015535900
4.500000000	5.000000000	0.286197007	0.010750400	0.014309850
5.000000000	5.500000000	0.209628001	0.022917099	0.010481400
5.500000000	6.000000000	0.301178008	0.051368501	0.015058900
------------------------
pbar/pi-	cent4
0.500000000	0.600000024	0.038847901	0.000968764	0.001942395
0.600000024	0.699999988	0.067946203	0.001398460	0.003397310
0.699999988	0.800000012	0.098753400	0.001919980	0.004937670
0.800000012	0.899999976	0.113821998	0.002237480	0.005691100
0.899999976	1.000000000	0.138653994	0.002798360	0.006932700
1.000000000	1.100000024	0.158721998	0.001959860	0.007936100
1.100000024	1.200000048	0.190173998	0.002343650	0.009508700
1.200000048	1.299999952	0.201385006	0.002447570	0.010069250
1.299999952	1.399999976	0.216441005	0.002650940	0.010822050
1.399999976	1.500000000	0.234518006	0.002876040	0.011725900
1.500000000	1.600000024	0.246740997	0.003024080	0.012337050
1.600000024	1.700000048	0.254090995	0.003143150	0.012704550
1.700000048	1.799999952	0.264734000	0.003322330	0.013236700
1.799999952	1.899999976	0.278017014	0.003534720	0.013900850
1.899999976	2.000000000	0.284186989	0.003702700	0.014209350
2.000000000	2.200000048	0.288601995	0.002791290	0.014430100
2.200000048	2.400000095	0.284996003	0.002990470	0.014249800
2.400000095	2.599999905	0.284108013	0.003350100	0.014205400
2.599999905	2.799999952	0.276078999	0.003769170	0.013803950
2.799999952	3.000000000	0.265096992	0.004312960	0.013254850
3.000000000	3.500000000	0.242020994	0.003416880	0.012101050
3.500000000	4.000000000	0.230674997	0.005381730	0.011533750
4.000000000	4.500000000	0.203986004	0.007820170	0.010199300
4.500000000	5.000000000	0.236809999	0.015017100	0.011840500
5.000000000	5.500000000	0.165984005	0.029353600	0.008299200
5.500000000	6.000000000	0.145659998	0.038259398	0.007283000
------------------------
