Au+Au 200 GeV
------------------------
pTlow [GeV/c] pThigh [GeV/c] d^2N/(2pi*pt*dpt*dy)[(GeV/c)^-2] error(stat.) error(sys.)
pi-	0-10%
0.5	0.6	64.49660000000	0.79899200000	5.80469400000
0.6	0.7	41.19030000000	0.49407500000	3.70712700000
0.7	0.8	24.98340000000	0.28864400000	2.24850600000
0.8	0.9	16.60220000000	0.19530800000	1.49419800000
0.9	1	11.09940000000	0.13099100000	0.99894600000
1	1.1	7.31296000000	0.08556020000	0.65816640000
1.1	1.2	4.88982000000	0.05615730000	0.44008380000
1.2	1.3	3.32535000000	0.03801330000	0.29928150000
1.3	1.4	2.32585000000	0.02659080000	0.20932650000
1.4	1.5	1.61954000000	0.01838070000	0.14575860000
1.5	1.6	1.10901000000	0.01244770000	0.09981090000
1.6	1.7	0.78945900000	0.00890067000	0.07105131000
1.7	1.8	0.55576700000	0.00621490000	0.05001903000
1.8	1.9	0.38974000000	0.00433641000	0.03507660000
1.9	2	0.28078200000	0.00310559000	0.02527038000
2	2.2	0.17542200000	0.00138876000	0.01578798000
2.2	2.4	0.09268230000	0.00073778900	0.00834140700
2.4	2.6	0.05112680000	0.00041877400	0.00460141200
2.6	2.8	0.02904970000	0.00025201400	0.00261447300
2.8	3	0.01735560000	0.00016492600	0.00156200400
3	3.5	0.00738957000	0.00005501930	0.00073895700
3.5	4	0.00227597000	0.00002500790	0.00022759700
4	4.5	0.00081759300	0.00001405310	0.00008175930
4.5	5	0.00032337600	0.00000884378	0.00003233760
5	5.5	0.00014537000	0.00001124670	0.00002035180
5.5	6	0.00005709030	0.00000774968	0.00000799264
------------------------
pi-	10-20%
0.5	0.6	43.43630000000	0.53947800000	3.90926700000
0.6	0.7	27.85650000000	0.33501900000	2.50708500000
0.7	0.8	16.95610000000	0.19649100000	1.52604900000
0.8	0.9	11.29520000000	0.13338900000	1.01656800000
0.9	1	7.59775000000	0.09004600000	0.68379750000
1	1.1	5.01393000000	0.05871330000	0.45125370000
1.1	1.2	3.36098000000	0.03862070000	0.30248820000
1.2	1.3	2.29481000000	0.02624750000	0.20653290000
1.3	1.4	1.61032000000	0.01842290000	0.14492880000
1.4	1.5	1.12594000000	0.01278680000	0.10133460000
1.5	1.6	0.77526500000	0.00870694000	0.06977385000
1.6	1.7	0.55381100000	0.00625056000	0.04984299000
1.7	1.8	0.39235000000	0.00439066000	0.03531150000
1.8	1.9	0.27633800000	0.00307970000	0.02487042000
1.9	2	0.20043100000	0.00222018000	0.01803879000
2	2.2	0.12624300000	0.00100061000	0.01136187000
2.2	2.4	0.06748050000	0.00053764300	0.00607324500
2.4	2.6	0.03782720000	0.00031059200	0.00340444800
2.6	2.8	0.02171790000	0.00018906200	0.00195461100
2.8	3	0.01302930000	0.00012453900	0.00117263700
3	3.5	0.00568356000	0.00004256170	0.00056835600
3.5	4	0.00175930000	0.00001959310	0.00017593000
4	4.5	0.00063712900	0.00001115020	0.00006371290
4.5	5	0.00025715800	0.00000716795	0.00002571580
5	5.5	0.00012317900	0.00000945859	0.00001724510
5.5	6	0.00005239920	0.00000688100	0.00000733589
------------------------
pi-	20-40%
0.5	0.6	23.78430000000	0.21425700000	2.14058700000
0.6	0.7	15.19810000000	0.13262900000	1.36782900000
0.7	0.8	9.26003000000	0.07808400000	0.83340270000
0.8	0.9	6.18182000000	0.05318730000	0.55636380000
0.9	1	4.15102000000	0.03593340000	0.37359180000
1	1.1	2.73107000000	0.02313580000	0.24579630000
1.1	1.2	1.83101000000	0.01522320000	0.16479090000
1.2	1.3	1.25276000000	0.01036750000	0.11274840000
1.3	1.4	0.88212500000	0.00730316000	0.07939125000
1.4	1.5	0.61808900000	0.00507914000	0.05562801000
1.5	1.6	0.42698600000	0.00347008000	0.03842874000
1.6	1.7	0.30665800000	0.00250456000	0.02759922000
1.7	1.8	0.21835300000	0.00176923000	0.01965177000
1.8	1.9	0.15460700000	0.00124806000	0.01391463000
1.9	2	0.11274200000	0.00090475700	0.01014678000
2	2.2	0.07150720000	0.00041050000	0.00643564800
2.2	2.4	0.03896360000	0.00022533100	0.00350672400
2.4	2.6	0.02210220000	0.00013199700	0.00198919800
2.6	2.8	0.01289750000	0.00008197440	0.00116077500
2.8	3	0.00782897000	0.00005499230	0.00070460700
3	3.5	0.00345184000	0.00001924730	0.00034518400
3.5	4	0.00109710000	0.00000933395	0.00010971000
4	4.5	0.00039455700	0.00000545835	0.00003945570
4.5	5	0.00015860300	0.00000355628	0.00001586030
5	5.5	0.00007080590	0.00000457745	0.00000991283
5.5	6	0.00003070840	0.00000336041	0.00000429918
------------------------
pi-	40-60%
0.5	0.6	9.02723000000	0.08350560000	0.81245070000
0.6	0.7	5.71261000000	0.05144960000	0.51413490000
0.7	0.8	3.44525000000	0.03017400000	0.31007250000
0.8	0.9	2.27489000000	0.02048940000	0.20474010000
0.9	1	1.51307000000	0.01385470000	0.13617630000
1	1.1	0.99487000000	0.00858943000	0.08953830000
1.1	1.2	0.66309900000	0.00561851000	0.05967891000
1.2	1.3	0.45233300000	0.00381937000	0.04070997000
1.3	1.4	0.31862600000	0.00269365000	0.02867634000
1.4	1.5	0.22316900000	0.00187430000	0.02008521000
1.5	1.6	0.15436000000	0.00128355000	0.01389240000
1.6	1.7	0.11160500000	0.00093413700	0.01004445000
1.7	1.8	0.07951710000	0.00066151200	0.00715653900
1.8	1.9	0.05665910000	0.00047056700	0.00509931900
1.9	2	0.04149500000	0.00034336600	0.00373455000
2	2.2	0.02661470000	0.00015821000	0.00239532300
2.2	2.4	0.01470480000	0.00008884680	0.00132343200
2.4	2.6	0.00852551000	0.00005391550	0.00076729600
2.6	2.8	0.00506685000	0.00003474030	0.00045601700
2.8	3	0.00312616000	0.00002414880	0.00028135400
3	3.5	0.00141199000	0.00000901016	0.00014119900
3.5	4	0.00046864800	0.00000490788	0.00004686480
4	4.5	0.00017300900	0.00000310926	0.00001730090
4.5	5	0.00007439000	0.00000218849	0.00000743900
5	5.5	0.00003301510	0.00000285415	0.00000462211
5.5	6	0.00001500930	0.00000216918	0.00000210130
------------------------
pi-	60-92%
0.5	0.6	1.88094000000	0.01707260000	0.16928460000
0.6	0.7	1.16034000000	0.01044190000	0.10443060000
0.7	0.8	0.68195700000	0.00614456000	0.06137613000
0.8	0.9	0.44249600000	0.00422167000	0.03982464000
0.9	1	0.29026400000	0.00291699000	0.02612376000
1	1.1	0.18666200000	0.00153331000	0.01679958000
1.1	1.2	0.12311100000	0.00099584100	0.01107999000
1.2	1.3	0.08341980000	0.00067500500	0.00750778200
1.3	1.4	0.05842690000	0.00047447100	0.00525842100
1.4	1.5	0.04074560000	0.00033008600	0.00366710400
1.5	1.6	0.02807700000	0.00022664700	0.00252693000
1.6	1.7	0.02025580000	0.00016542700	0.00182302200
1.7	1.8	0.01447380000	0.00011850900	0.00130264200
1.8	1.9	0.01037750000	0.00008560980	0.00093397500
1.9	2	0.00762268000	0.00006335130	0.00068604100
2	2.2	0.00492246000	0.00002991290	0.00044302100
2.2	2.4	0.00275995000	0.00001764670	0.00024839600
2.4	2.6	0.00159830000	0.00001123970	0.00014384700
2.6	2.8	0.00095942300	0.00000771967	0.00008634810
2.8	3	0.00059553300	0.00000573698	0.00005359800
3	3.5	0.00028804300	0.00000246237	0.00002880430
3.5	4	0.00010098700	0.00000156053	0.00001009870
4	4.5	0.00004255860	0.00000114047	0.00000425586
4.5	5	0.00001672330	0.00000079175	0.00000167233
5	5.5	0.00000846921	0.00000112416	0.00000118569
5.5	6	0.00000510856	0.00000100126	0.00000071520
------------------------
========================
Au+Au 200 GeV
------------------------
pTlow [GeV/c] pThigh [GeV/c] d^2N/(2pi*pt*dpt*dy)[(GeV/c)^-2] error(stat.) error(sys.)
pi+	0-10%
0.5	0.6	63.13180000000	0.79101700000	5.68186200000
0.6	0.7	39.58610000000	0.47144000000	3.56274900000
0.7	0.8	25.14540000000	0.29489900000	2.26308600000
0.8	0.9	16.60560000000	0.19632800000	1.49450400000
0.9	1	11.11790000000	0.13187700000	1.00061100000
1	1.1	7.20415000000	0.08285850000	0.64837350000
1.1	1.2	4.82651000000	0.05494740000	0.43438590000
1.2	1.3	3.33242000000	0.03800750000	0.29991780000
1.3	1.4	2.29914000000	0.02608620000	0.20692260000
1.4	1.5	1.57691000000	0.01767450000	0.14192190000
1.5	1.6	1.10742000000	0.01242780000	0.09966780000
1.6	1.7	0.79117000000	0.00892057000	0.07120530000
1.7	1.8	0.55992100000	0.00627604000	0.05039289000
1.8	1.9	0.39069500000	0.00432533000	0.03516255000
1.9	2	0.28172700000	0.00312689000	0.02535543000
2	2.2	0.17897300000	0.00143393000	0.01610757000
2.2	2.4	0.09333200000	0.00074284300	0.00839988000
2.4	2.6	0.05090470000	0.00041346500	0.00458142300
2.6	2.8	0.02960080000	0.00025736800	0.00266407200
2.8	3	0.01741500000	0.00016653100	0.00156735000
3	3.5	0.00753746000	0.00005631350	0.00075374600
3.5	4	0.00224757000	0.00002435830	0.00022475700
4	4.5	0.00077636100	0.00001343590	0.00007763610
4.5	5	0.00036055500	0.00000953129	0.00003605550
5	5.5	0.00015592800	0.00001183610	0.00002182990
5.5	6	0.00008836060	0.00000980412	0.00001237050
------------------------
pi+	10-20%
0.5	0.6	42.60700000000	0.53545500000	3.83463000000
0.6	0.7	26.86200000000	0.32065400000	2.41758000000
0.7	0.8	17.07010000000	0.20085400000	1.53630900000
0.8	0.9	11.36410000000	0.13491800000	1.02276900000
0.9	1	7.56131000000	0.09006850000	0.68051790000
1	1.1	4.92666000000	0.05666890000	0.44339940000
1.1	1.2	3.31280000000	0.03771870000	0.29815200000
1.2	1.3	2.29695000000	0.02619770000	0.20672550000
1.3	1.4	1.58871000000	0.01803030000	0.14298390000
1.4	1.5	1.09662000000	0.01229570000	0.09869580000
1.5	1.6	0.77218800000	0.00866988000	0.06949692000
1.6	1.7	0.55471700000	0.00625722000	0.04992453000
1.7	1.8	0.39448500000	0.00442462000	0.03550365000
1.8	1.9	0.27708400000	0.00306973000	0.02493756000
1.9	2	0.20048900000	0.00222737000	0.01804401000
2	2.2	0.12892600000	0.00103307000	0.01160334000
2.2	2.4	0.06805940000	0.00054235600	0.00612534600
2.4	2.6	0.03764130000	0.00030654500	0.00338771700
2.6	2.8	0.02199000000	0.00019189500	0.00197910000
2.8	3	0.01319150000	0.00012675100	0.00118723500
3	3.5	0.00575159000	0.00004333550	0.00057515900
3.5	4	0.00173181000	0.00001907450	0.00017318100
4	4.5	0.00061556900	0.00001078330	0.00006155690
4.5	5	0.00026402800	0.00000734302	0.00002640280
5	5.5	0.00010689900	0.00000880694	0.00001496590
5.5	6	0.00006372650	0.00000757778	0.00000892171
------------------------
pi+	20-40%
0.5	0.6	23.22970000000	0.21161000000	2.09067300000
0.6	0.7	14.64760000000	0.12690100000	1.31828400000
0.7	0.8	9.32640000000	0.07984610000	0.83937600000
0.8	0.9	6.15800000000	0.05329010000	0.55422000000
0.9	1	4.12520000000	0.03592300000	0.37126800000
1	1.1	2.68209000000	0.02231170000	0.24138810000
1.1	1.2	1.80404000000	0.01485650000	0.16236360000
1.2	1.3	1.25323000000	0.01034010000	0.11279070000
1.3	1.4	0.86962800000	0.00713938000	0.07826652000
1.4	1.5	0.60144600000	0.00487872000	0.05413014000
1.5	1.6	0.42583600000	0.00345998000	0.03832524000
1.6	1.7	0.30733800000	0.00250779000	0.02766042000
1.7	1.8	0.21941100000	0.00178050000	0.01974699000
1.8	1.9	0.15494300000	0.00124253000	0.01394487000
1.9	2	0.11259200000	0.00090611100	0.01013328000
2	2.2	0.07292210000	0.00042323200	0.00656298900
2.2	2.4	0.03917360000	0.00022638700	0.00352562400
2.4	2.6	0.02196990000	0.00013020000	0.00197729100
2.6	2.8	0.01299310000	0.00008284850	0.00116937900
2.8	3	0.00790182000	0.00005575390	0.00071116400
3	3.5	0.00348915000	0.00001954090	0.00034891500
3.5	4	0.00106877000	0.00000901591	0.00010687700
4	4.5	0.00038175400	0.00000527316	0.00003817540
4.5	5	0.00017401200	0.00000378933	0.00001740120
5	5.5	0.00007965090	0.00000491603	0.00001115110
5.5	6	0.00003534570	0.00000361161	0.00000494840
------------------------
pi+	40-60%
0.5	0.6	8.81704000000	0.08257850000	0.79353360000
0.6	0.7	5.51375000000	0.04938830000	0.49623750000
0.7	0.8	3.46342000000	0.03085610000	0.31170780000
0.8	0.9	2.27845000000	0.02064740000	0.20506050000
0.9	1	1.50605000000	0.01389600000	0.13554450000
1	1.1	0.97533300000	0.00826547000	0.08777997000
1.1	1.2	0.65300100000	0.00548313000	0.05877009000
1.2	1.3	0.45259100000	0.00380922000	0.04073319000
1.3	1.4	0.31381200000	0.00263086000	0.02824308000
1.4	1.5	0.21665700000	0.00179615000	0.01949913000
1.5	1.6	0.15374400000	0.00127777000	0.01383696000
1.6	1.7	0.11143900000	0.00093172000	0.01002951000
1.7	1.8	0.07987480000	0.00066572500	0.00718873200
1.8	1.9	0.05671360000	0.00046813100	0.00510422400
1.9	2	0.04152110000	0.00034468800	0.00373689900
2	2.2	0.02710590000	0.00016277100	0.00243953100
2.2	2.4	0.01482210000	0.00008949560	0.00133398900
2.4	2.6	0.00848017000	0.00005322190	0.00076321500
2.6	2.8	0.00508742000	0.00003492210	0.00045786800
2.8	3	0.00314450000	0.00002444690	0.00028300500
3	3.5	0.00142799000	0.00000913894	0.00014279900
3.5	4	0.00045659400	0.00000476396	0.00004565940
4	4.5	0.00016751300	0.00000301450	0.00001675130
4.5	5	0.00007497090	0.00000221309	0.00000749709
5	5.5	0.00003968180	0.00000323467	0.00000555545
5.5	6	0.00001315440	0.00000202287	0.00000184162
------------------------
pi+	60-92%
0.5	0.6	1.84590000000	0.01702930000	0.16613100000
0.6	0.7	1.11501000000	0.01003180000	0.10035090000
0.7	0.8	0.68855100000	0.00634312000	0.06196959000
0.8	0.9	0.43817300000	0.00423363000	0.03943557000
0.9	1	0.28720600000	0.00291989000	0.02584854000
1	1.1	0.18276400000	0.00147437000	0.01644876000
1.1	1.2	0.12075400000	0.00096849400	0.01086786000
1.2	1.3	0.08314550000	0.00067076200	0.00748309500
1.3	1.4	0.05729230000	0.00046166700	0.00515630700
1.4	1.5	0.03945100000	0.00031582700	0.00355059000
1.5	1.6	0.02798380000	0.00022589600	0.00251854200
1.6	1.7	0.02019780000	0.00016479400	0.00181780200
1.7	1.8	0.01447140000	0.00011885000	0.00130242600
1.8	1.9	0.01034150000	0.00008494250	0.00093073500
1.9	2	0.00759283000	0.00006324420	0.00068335500
2	2.2	0.00499760000	0.00003070820	0.00044978400
2.2	2.4	0.00276139000	0.00001772470	0.00024852500
2.4	2.6	0.00159180000	0.00001114180	0.00014326200
2.6	2.8	0.00096776200	0.00000782110	0.00008709860
2.8	3	0.00059534100	0.00000575067	0.00005358070
3	3.5	0.00028729000	0.00000247871	0.00002872900
3.5	4	0.00009814430	0.00000152573	0.00000981443
4	4.5	0.00004024630	0.00000109219	0.00000402463
4.5	5	0.00001851990	0.00000083457	0.00000185199
5	5.5	0.00000885674	0.00000115900	0.00000123994
5.5	6	0.00000410106	0.00000089234	0.00000057415
------------------------
========================
Au+Au 200 GeV
------------------------
pTlow [GeV/c] pThigh [GeV/c] d^2N/(2pi*pt*dpt*dy)[(GeV/c)^-2] error(stat.) error(sys.)
ka-  0-10%
0.5	0.6	11.6174000000	0.2662090000	1.2779140000
0.6	0.7	8.7943800000	0.1745000000	0.9673818000
0.7	0.8	6.5137400000	0.1207900000	0.7165114000
0.8	0.9	4.8756500000	0.0878658000	0.5363215000
0.9	1	3.3926100000	0.0583217000	0.3731871000
1	1.1	2.4142900000	0.0385167000	0.2655719000
1.1	1.2	1.6885100000	0.0255018000	0.1857361000
1.2	1.3	1.2360500000	0.0181914000	0.1359655000
1.3	1.4	0.8911240000	0.0127743000	0.0980236400
1.4	1.5	0.6364000000	0.0088497800	0.0700040000
1.5	1.6	0.4640760000	0.0063749800	0.0510483600
1.6	1.7	0.3379470000	0.0045299700	0.0371741700
1.7	1.8	0.2512430000	0.0033355300	0.0276367300
1.8	1.9	0.1826180000	0.0023760900	0.0200879800
1.9	2	0.1414440000	0.0018565900	0.0155588400
2	2.2	0.0908817000	0.0008300130	0.0099969870
2.2	2.4	0.0527849000	0.0004815400	0.0058063390
2.4	2.6	0.0295279000	0.0002740280	0.0032480690
2.6	2.8	0.0171211000	0.0001693230	0.0018833210
2.8	3	0.0103212000	0.0001126310	0.0011353320
3	3.5	0.0045997600	0.0000400161	0.0005059740
3.5	4	0.0015744200	0.0000206889	0.0001731860
------------------------
ka-  10-20%
0.5	0.6	7.5998400000	0.1755650000	0.8359824000
0.6	0.7	5.7886800000	0.1159380000	0.6367548000
0.7	0.8	4.3168900000	0.0807348000	0.4748579000
0.8	0.9	3.2602400000	0.0594104000	0.3586264000
0.9	1	2.2597800000	0.0393818000	0.2485758000
1	1.1	1.6306800000	0.0260388000	0.1793748000
1.1	1.2	1.1439200000	0.0172922000	0.1258312000
1.2	1.3	0.8381280000	0.0123431000	0.0921940800
1.3	1.4	0.6071370000	0.0087091500	0.0667850700
1.4	1.5	0.4337010000	0.0060355800	0.0477071100
1.5	1.6	0.3183040000	0.0043789700	0.0350134400
1.6	1.7	0.2320250000	0.0031147200	0.0255227500
1.7	1.8	0.1732730000	0.0023037500	0.0190600300
1.8	1.9	0.1259440000	0.0016425800	0.0138538400
1.9	2	0.0978682000	0.0012874800	0.0107655020
2	2.2	0.0634173000	0.0005803710	0.0069759030
2.2	2.4	0.0371391000	0.0003402930	0.0040853010
2.4	2.6	0.0212177000	0.0001980730	0.0023339470
2.6	2.8	0.0125609000	0.0001250510	0.0013816990
2.8	3	0.0076182100	0.0000839351	0.0008380030
3	3.5	0.0034692600	0.0000305409	0.0003816190
3.5	4	0.0012152800	0.0000162691	0.0001336810
------------------------
ka-  20-40%
0.5	0.6	4.1340800000	0.0702638000	0.4547488000
0.6	0.7	3.1109000000	0.0459815000	0.3421990000
0.7	0.8	2.3371500000	0.0323593000	0.2570865000
0.8	0.9	1.7340100000	0.0234450000	0.1907411000
0.9	1	1.2007500000	0.0156409000	0.1320825000
1	1.1	0.8721930000	0.0100944000	0.0959412300
1.1	1.2	0.6097990000	0.0066853000	0.0670778900
1.2	1.3	0.4471310000	0.0047775700	0.0491844100
1.3	1.4	0.3234810000	0.0033703500	0.0355829100
1.4	1.5	0.2313140000	0.0023396300	0.0254445400
1.5	1.6	0.1692370000	0.0016927200	0.0186160700
1.6	1.7	0.1234100000	0.0012041000	0.0135751000
1.7	1.8	0.0922741000	0.0008937750	0.0101501510
1.8	1.9	0.0677391000	0.0006440170	0.0074513010
1.9	2	0.0526760000	0.0005055830	0.0057943600
2	2.2	0.0344629000	0.0002304510	0.0037909190
2.2	2.4	0.0206070000	0.0001382990	0.0022667700
2.4	2.6	0.0118901000	0.0000817467	0.0013079110
2.6	2.8	0.0071087700	0.0000524700	0.0007819650
2.8	3	0.0044284900	0.0000364570	0.0004871340
3	3.5	0.0020691400	0.0000138045	0.0002276050
3.5	4	0.0007275700	0.0000076290	0.0000800327
------------------------
ka-  40-60%
0.5	0.6	1.5241000000	0.0280403000	0.1676510000
0.6	0.7	1.1644100000	0.0187151000	0.1280851000
0.7	0.8	0.8551550000	0.0130303000	0.0940670500
0.8	0.9	0.6230880000	0.0094087000	0.0685396800
0.9	1	0.4256240000	0.0063419400	0.0468186400
1	1.1	0.3026570000	0.0035852300	0.0332922700
1.1	1.2	0.2096870000	0.0023571600	0.0230655700
1.2	1.3	0.1527310000	0.0016756400	0.0168004100
1.3	1.4	0.1099980000	0.0011793600	0.0120997800
1.4	1.5	0.0784382000	0.0008182720	0.0086282020
1.5	1.6	0.0573378000	0.0005925820	0.0063071580
1.6	1.7	0.0418844000	0.0004239870	0.0046072840
1.7	1.8	0.0312852000	0.0003145660	0.0034413720
1.8	1.9	0.0230018000	0.0002286470	0.0025301980
1.9	2	0.0179526000	0.0001808230	0.0019747860
2	2.2	0.0119300000	0.0000844222	0.0013123000
2.2	2.4	0.0072181600	0.0000519364	0.0007939980
2.4	2.6	0.0042567300	0.0000321671	0.0004682400
2.6	2.8	0.0026124900	0.0000217577	0.0002873740
2.8	3	0.0016482300	0.0000158092	0.0001813050
3	3.5	0.0008002100	0.0000065133	0.0000880231
3.5	4	0.0002987090	0.0000040577	0.0000328580
------------------------
ka-  60-92%
0.5	0.6	0.3079590000	0.0065721600	0.0338754900
0.6	0.7	0.2309420000	0.0043575000	0.0254036200
0.7	0.8	0.1586040000	0.0029789400	0.0174464400
0.8	0.9	0.1122260000	0.0021732500	0.0123448600
0.9	1	0.0744484000	0.0014975500	0.0081893240
1	1.1	0.0521251000	0.0005994830	0.0057337610
1.1	1.2	0.0355951000	0.0003907900	0.0039154610
1.2	1.3	0.0255709000	0.0002761310	0.0028127990
1.3	1.4	0.0183999000	0.0001954570	0.0020239890
1.4	1.5	0.0129155000	0.0001348650	0.0014207050
1.5	1.6	0.0095458600	0.0000995389	0.0010500450
1.6	1.7	0.0068951300	0.0000715456	0.0007584640
1.7	1.8	0.0051898700	0.0000544048	0.0005708860
1.8	1.9	0.0038510600	0.0000405022	0.0004236170
1.9	2	0.0030140800	0.0000327677	0.0003315490
2	2.2	0.0020270100	0.0000159544	0.0002229710
2.2	2.4	0.0012780200	0.0000106768	0.0001405820
2.4	2.6	0.0007607570	0.0000070760	0.0000836833
2.6	2.8	0.0004658410	0.0000051183	0.0000512425
2.8	3	0.0003029360	0.0000040239	0.0000333230
3	3.5	0.0001483970	0.0000018156	0.0000163237
3.5	4	0.0000572812	0.0000012640	0.0000063009
------------------------
========================
Au+Au 200 GeV
------------------------
pTlow [GeV/c] pThigh [GeV/c] d^2N/(2pi*pt*dpt*dy)[(GeV/c)^-2] error(stat.) error(sys.)
ka+  0-10%
0.5	0.6	12.1096000000	0.2657740000	1.3320560000
0.6	0.7	9.3798600000	0.1819820000	1.0317846000
0.7	0.8	6.6988300000	0.1185400000	0.7368713000
0.8	0.9	4.8782200000	0.0840872000	0.5366042000
0.9	1.0	3.5637100000	0.0587225000	0.3920081000
1.0	1.1	2.5609100000	0.0390551000	0.2817001000
1.1	1.2	1.8422500000	0.0272046000	0.2026475000
1.2	1.3	1.2881600000	0.0182671000	0.1416976000
1.3	1.4	0.9519860000	0.0132983000	0.1047184600
1.4	1.5	0.6983290000	0.0096552100	0.0768161900
1.5	1.6	0.4940350000	0.0065826700	0.0543438500
1.6	1.7	0.3587160000	0.0046907100	0.0394587600
1.7	1.8	0.2669510000	0.0034571900	0.0293646100
1.8	1.9	0.1984550000	0.0025474800	0.0218300500
1.9	2.0	0.1475200000	0.0018717300	0.0162272000
2.0	2.2	0.0970632000	0.0008700650	0.0106769520
2.2	2.4	0.0547177000	0.0004827540	0.0060189470
2.4	2.6	0.0320705000	0.0002951360	0.0035277550
2.6	2.8	0.0185894000	0.0001806930	0.0020448340
2.8	3.0	0.0112213000	0.0001205120	0.0012343430
3.0	3.5	0.0049902500	0.0000421478	0.0005489280
3.5	4.0	0.0017834100	0.0000226375	0.0001961750
------------------------
ka+  10-20%
0.5	0.6	7.8035800000	0.1728730000	0.8583938000
0.6	0.7	6.1608300000	0.1205080000	0.6776913000
0.7	0.8	4.4048400000	0.0788482000	0.4845324000
0.8	0.9	3.2769100000	0.0571412000	0.3604601000
0.9	1	2.3804200000	0.0397960000	0.2618462000
1	1.1	1.7279800000	0.0263586000	0.1900778000
1.1	1.2	1.2455000000	0.0183983000	0.1370050000
1.2	1.3	0.8762130000	0.0124309000	0.0963834300
1.3	1.4	0.6484790000	0.0090643000	0.0713326900
1.4	1.5	0.4752380000	0.0065766000	0.0522761800
1.5	1.6	0.3383850000	0.0045123800	0.0372223500
1.6	1.7	0.2464440000	0.0032258100	0.0271088400
1.7	1.8	0.1841500000	0.0023881100	0.0202565000
1.8	1.9	0.1373720000	0.0017665500	0.0151109200
1.9	2	0.1021620000	0.0012989900	0.0112378200
2	2.2	0.0679175000	0.0006102540	0.0074709250
2.2	2.4	0.0388046000	0.0003437640	0.0042685060
2.4	2.6	0.0230769000	0.0002131340	0.0025384590
2.6	2.8	0.0136263000	0.0001333890	0.0014988930
2.8	3	0.0084325700	0.0000912371	0.0009275830
3	3.5	0.0037746700	0.0000322393	0.0004152140
3.5	4	0.0013610700	0.0000176396	0.0001497180
------------------------
ka+  20-40%
0.5	0.6	4.2476700000	0.0692623000	0.4672437000
0.6	0.7	3.3214000000	0.0481465000	0.3653540000
0.7	0.8	2.3640100000	0.0312946000	0.2600411000
0.8	0.9	1.7608300000	0.0228466000	0.1936913000
0.9	1	1.2698200000	0.0158731000	0.1396802000
1	1.1	0.9199680000	0.0101710000	0.1011964800
1.1	1.2	0.6606630000	0.0070805700	0.0726729300
1.2	1.3	0.4656610000	0.0047933100	0.0512227100
1.3	1.4	0.3439930000	0.0034901700	0.0378392300
1.4	1.5	0.2533710000	0.0025461200	0.0278708100
1.5	1.6	0.1800660000	0.0017452600	0.0198072600
1.6	1.7	0.1313800000	0.0012499700	0.0144518000
1.7	1.8	0.0986266000	0.0009305210	0.0108489260
1.8	1.9	0.0738666000	0.0006919930	0.0081253260
1.9	2	0.0551777000	0.0005115500	0.0060695470
2	2.2	0.0368635000	0.0002417130	0.0040549850
2.2	2.4	0.0213812000	0.0001384460	0.0023519320
2.4	2.6	0.0129922000	0.0000883116	0.0014291420
2.6	2.8	0.0078039700	0.0000565042	0.0008584370
2.8	3	0.0048638200	0.0000392001	0.0005350200
3	3.5	0.0022619600	0.0000145680	0.0002488160
3.5	4	0.0008350790	0.0000083792	0.0000918587
------------------------
ka+  40-60%
0.5	0.6	1.5602900000	0.0274791000	0.1716319000
0.6	0.7	1.2205800000	0.0192121000	0.1342638000
0.7	0.8	0.8431540000	0.0124178000	0.0927469400
0.8	0.9	0.6228990000	0.0090767500	0.0685188900
0.9	1	0.4429030000	0.0063025900	0.0487193300
1	1.1	0.3187880000	0.0036059300	0.0350666800
1.1	1.2	0.2264090000	0.0024832500	0.0249049900
1.2	1.3	0.1584420000	0.0016729800	0.0174286200
1.3	1.4	0.1167060000	0.0012168300	0.0128376600
1.4	1.5	0.0856082000	0.0008863890	0.0094169020
1.5	1.6	0.0609681000	0.0006096210	0.0067064910
1.6	1.7	0.0444352000	0.0004377530	0.0048878720
1.7	1.8	0.0334140000	0.0003273450	0.0036755400
1.8	1.9	0.0250464000	0.0002446250	0.0027551040
1.9	2	0.0188542000	0.0001829810	0.0020739620
2	2.2	0.0127194000	0.0000880515	0.0013991340
2.2	2.4	0.0076068800	0.0000527963	0.0008367570
2.4	2.6	0.0046948800	0.0000347923	0.0005164370
2.6	2.8	0.0028680700	0.0000232760	0.0003154880
2.8	3	0.0018283200	0.0000170392	0.0002011150
3	3.5	0.0008583890	0.0000067216	0.0000944228
3.5	4	0.0003353840	0.0000043468	0.0000368922
------------------------
ka+  60-92%
0.5	0.6	0.3188080000	0.0065149000	0.0350688800
0.6	0.7	0.2323860000	0.0043600600	0.0255624600
0.7	0.8	0.1564260000	0.0028577500	0.0172068600
0.8	0.9	0.1112800000	0.0021009600	0.0122408000
0.9	1	0.0781233000	0.0015051200	0.0085935630
1	1.1	0.0548294000	0.0006019370	0.0060312340
1.1	1.2	0.0386887000	0.0004138180	0.0042557570
1.2	1.3	0.0265425000	0.0002753190	0.0029196750
1.3	1.4	0.0194673000	0.0002001860	0.0021414030
1.4	1.5	0.0142041000	0.0001467610	0.0015624510
1.5	1.6	0.0100120000	0.0001010790	0.0011013200
1.6	1.7	0.0073607000	0.0000741705	0.0008096770
1.7	1.8	0.0055575700	0.0000564539	0.0006113330
1.8	1.9	0.0041927300	0.0000431615	0.0004612000
1.9	2	0.0031462900	0.0000328444	0.0003460920
2	2.2	0.0021916100	0.0000167243	0.0002410770
2.2	2.4	0.0013196500	0.0000106092	0.0001451620
2.4	2.6	0.0008304570	0.0000075241	0.0000913503
2.6	2.8	0.0005032590	0.0000053311	0.0000553585
2.8	3	0.0003228460	0.0000041494	0.0000355131
3	3.5	0.0001617290	0.0000018757	0.0000177902
3.5	4	0.0000667508	0.0000013736	0.0000073426
------------------------
========================
Au+Au 200 GeV
------------------------
pTlow [GeV/c] pThigh [GeV/c] d^2N/(2pi*pt*dpt*dy)[(GeV/c)^-2] error(stat.) error(sys.)
proton  0-10%
0.5	0.6	2.199280000000	0.038057500000	0.219928000000
0.6	0.7	2.256310000000	0.033324500000	0.225631000000
0.7	0.8	2.181070000000	0.030022800000	0.218107000000
0.8	0.9	1.994790000000	0.026553900000	0.199479000000
0.9	1	1.738810000000	0.022401300000	0.173881000000
1	1.1	1.458150000000	0.017094900000	0.145815000000
1.1	1.2	1.237630000000	0.014398700000	0.123763000000
1.2	1.3	1.010350000000	0.011646500000	0.101035000000
1.3	1.4	0.811927000000	0.009276670000	0.081192700000
1.4	1.5	0.663459000000	0.007626120000	0.066345900000
1.5	1.6	0.507156000000	0.005724930000	0.050715600000
1.6	1.7	0.401734000000	0.004553840000	0.040173400000
1.7	1.8	0.308529000000	0.003470830000	0.030852900000
1.8	1.9	0.234513000000	0.002618870000	0.023451300000
1.9	2	0.182255000000	0.002039540000	0.018225500000
2	2.2	0.122141000000	0.000975770000	0.012214100000
2.2	2.4	0.067765100000	0.000538371000	0.006776510000
2.4	2.6	0.039034900000	0.000312724000	0.003903490000
2.6	2.8	0.022360200000	0.000181705000	0.002236020000
2.8	3	0.012875600000	0.000107160000	0.001287560000
3	3.5	0.005331200000	0.000031267400	0.000586432000
3.5	4	0.001502340000	0.000010468600	0.000165257000
4	4.5	0.000475683000	0.000004648910	0.000052325100
4.5	5	0.000183133000	0.000002755570	0.000020144600
5	5.5	0.000067032900	0.000003217120	0.000009384610
5.5	6	0.000033849200	0.000002506570	0.000004738890
------------------------
proton  10-20%
0.5	0.6	1.452980000000	0.025643700000	0.145298000000
0.6	0.7	1.517370000000	0.022824600000	0.151737000000
0.7	0.8	1.476830000000	0.020640600000	0.147683000000
0.8	0.9	1.347110000000	0.018237500000	0.134711000000
0.9	1	1.163930000000	0.015243500000	0.116393000000
1	1.1	0.982530000000	0.011525900000	0.098253000000
1.1	1.2	0.829944000000	0.009660990000	0.082994400000
1.2	1.3	0.679194000000	0.007834400000	0.067919400000
1.3	1.4	0.544578000000	0.006226020000	0.054457800000
1.4	1.5	0.444480000000	0.005112920000	0.044448000000
1.5	1.6	0.340154000000	0.003842660000	0.034015400000
1.6	1.7	0.268774000000	0.003049550000	0.026877400000
1.7	1.8	0.206794000000	0.002329140000	0.020679400000
1.8	1.9	0.157266000000	0.001758680000	0.015726600000
1.9	2	0.122349000000	0.001371400000	0.012234900000
2	2.2	0.081982900000	0.000656060000	0.008198290000
2.2	2.4	0.045979700000	0.000366341000	0.004597970000
2.4	2.6	0.026759200000	0.000215394000	0.002675920000
2.6	2.8	0.015595900000	0.000127679000	0.001559590000
2.8	3	0.009035990000	0.000075978500	0.000903599000
3	3.5	0.003816730000	0.000022717200	0.000419840000
3.5	4	0.001105510000	0.000007939810	0.000121606000
4	4.5	0.000363893000	0.000003664660	0.000040028200
4.5	5	0.000139523000	0.000002177560	0.000015347500
5	5.5	0.000053940300	0.000002632560	0.000007551640
5.5	6	0.000027389900	0.000002061630	0.000003834590
------------------------
proton  20-40%
0.5	0.6	0.825708000000	0.010965400000	0.082570800000
0.6	0.7	0.876566000000	0.009822310000	0.087656600000
0.7	0.8	0.844310000000	0.008803310000	0.084431000000
0.8	0.9	0.755751000000	0.007631110000	0.075575100000
0.9	1	0.650126000000	0.006376700000	0.065012600000
1	1.1	0.538306000000	0.004565290000	0.053830600000
1.1	1.2	0.449639000000	0.003788160000	0.044963900000
1.2	1.3	0.363444000000	0.003038820000	0.036344400000
1.3	1.4	0.288440000000	0.002391910000	0.028844000000
1.4	1.5	0.233873000000	0.001953870000	0.023387300000
1.5	1.6	0.177690000000	0.001459530000	0.017769000000
1.6	1.7	0.139829000000	0.001154420000	0.013982900000
1.7	1.8	0.107177000000	0.000879763000	0.010717700000
1.8	1.9	0.081235600000	0.000662804000	0.008123560000
1.9	2	0.062905800000	0.000515054000	0.006290580000
2	2.2	0.042398400000	0.000248157000	0.004239840000
2.2	2.4	0.023855600000	0.000139575000	0.002385560000
2.4	2.6	0.013969000000	0.000083023900	0.001396900000
2.6	2.8	0.008194030000	0.000049863600	0.000819403000
2.8	3	0.004789650000	0.000030345500	0.000478965000
3	3.5	0.002051900000	0.000009353720	0.000225709000
3.5	4	0.000621061000	0.000003556420	0.000068316700
4	4.5	0.000209597000	0.000001736200	0.000023055700
4.5	5	0.000081118500	0.000001057420	0.000008923040
5	5.5	0.000034362000	0.000001356300	0.000004810680
5.5	6	0.000017173800	0.000001053200	0.000002404330
------------------------
proton  40-60%
0.5	0.6	0.366715000000	0.005472090000	0.036671500000
0.6	0.7	0.369887000000	0.004654910000	0.036988700000
0.7	0.8	0.345740000000	0.004050160000	0.034574000000
0.8	0.9	0.303021000000	0.003454750000	0.030302100000
0.9	1	0.251657000000	0.002832970000	0.025165700000
1	1.1	0.200826000000	0.001737720000	0.020082600000
1.1	1.2	0.162232000000	0.001397430000	0.016223200000
1.2	1.3	0.128089000000	0.001096660000	0.012808900000
1.3	1.4	0.099432100000	0.000846937000	0.009943210000
1.4	1.5	0.078628800000	0.000675410000	0.007862880000
1.5	1.6	0.058802200000	0.000498348000	0.005880220000
1.6	1.7	0.045588300000	0.000389296000	0.004558830000
1.7	1.8	0.034697200000	0.000295367000	0.003469720000
1.8	1.9	0.025956000000	0.000220450000	0.002595600000
1.9	2	0.019901000000	0.000170441000	0.001990100000
2	2.2	0.013336900000	0.000082318300	0.001333690000
2.2	2.4	0.007473470000	0.000046823200	0.000747347000
2.4	2.6	0.004400050000	0.000028690300	0.000440005000
2.6	2.8	0.002574240000	0.000017752300	0.000257424000
2.8	3	0.001532790000	0.000011396700	0.000153279000
3	3.5	0.000669831000	0.000003824790	0.000073681400
3.5	4	0.000210141000	0.000001678540	0.000023115500
4	4.5	0.000074141100	0.000000904561	0.000008155520
4.5	5	0.000030575500	0.000000588024	0.000003363310
5	5.5	0.000012354100	0.000000745887	0.000001729570
5.5	6	0.000006443950	0.000000601093	0.000000902153
------------------------
proton  60-92%
0.5	0.6	0.090979600000	0.001662940000	0.009097960000
0.6	0.7	0.090666100000	0.001389960000	0.009066610000
0.7	0.8	0.077686900000	0.001145840000	0.007768690000
0.8	0.9	0.063150300000	0.000930322000	0.006315030000
0.9	1	0.049578000000	0.000748302000	0.004957800000
1	1.1	0.037793900000	0.000316830000	0.003779390000
1.1	1.2	0.029323600000	0.000246245000	0.002932360000
1.2	1.3	0.022014900000	0.000185323000	0.002201490000
1.3	1.4	0.016568500000	0.000139746000	0.001656850000
1.4	1.5	0.012734500000	0.000109624000	0.001273450000
1.5	1.6	0.009318660000	0.000079698600	0.000931866000
1.6	1.7	0.007018470000	0.000061267400	0.000701847000
1.7	1.8	0.005219340000	0.000046097600	0.000521934000
1.8	1.9	0.003842460000	0.000034564800	0.000384246000
1.9	2	0.002922100000	0.000026980800	0.000292210000
2	2.2	0.001928620000	0.000013312900	0.000192862000
2.2	2.4	0.001079490000	0.000008075650	0.000107949000
2.4	2.6	0.000625502000	0.000005240870	0.000062550200
2.6	2.8	0.000370395000	0.000003552360	0.000037039500
2.8	3	0.000223515000	0.000002499470	0.000022351500
3	3.5	0.000097509600	0.000000927445	0.000010726100
3.5	4	0.000032256500	0.000000471401	0.000003548220
4	4.5	0.000012012100	0.000000275629	0.000001321330
4.5	5	0.000004837370	0.000000180592	0.000000532111
5	5.5	0.000002536610	0.000000264780	0.000000355125
5.5	6	0.000001382480	0.000000217140	0.000000193547
------------------------
========================
Au+Au 200 GeV
------------------------
pTlow [GeV/c] pThigh [GeV/c] d^2N/(2pi*pt*dpt*dy)[(GeV/c)^-2] error(stat.) error(sys.)
pbar  0-10%
0.5	0.6	1.631840000000	0.034943900000	0.163184000000
0.6	0.7	1.743410000000	0.031059300000	0.174341000000
0.7	0.8	1.690210000000	0.027287100000	0.169021000000
0.8	0.9	1.481120000000	0.022348200000	0.148112000000
0.9	1	1.304460000000	0.019019900000	0.130446000000
1	1.1	1.066690000000	0.013746200000	0.106669000000
1.1	1.2	0.921812000000	0.011827300000	0.092181200000
1.2	1.3	0.721632000000	0.008917870000	0.072163200000
1.3	1.4	0.588206000000	0.007235530000	0.058820600000
1.4	1.5	0.475900000000	0.005798990000	0.047590000000
1.5	1.6	0.363244000000	0.004347680000	0.036324400000
1.6	1.7	0.282035000000	0.003336640000	0.028203500000
1.7	1.8	0.219094000000	0.002588010000	0.021909400000
1.8	1.9	0.168801000000	0.001975630000	0.016880100000
1.9	2	0.129202000000	0.001514120000	0.012920200000
2	2.2	0.087626300000	0.000731310000	0.008762630000
2.2	2.4	0.048961500000	0.000406502000	0.004896150000
2.4	2.6	0.028230200000	0.000236479000	0.002823020000
2.6	2.8	0.016079900000	0.000136159000	0.001607990000
2.8	3	0.009426180000	0.000082383400	0.000942618000
3	3.5	0.003866890000	0.000024070800	0.000425358000
3.5	4	0.001107220000	0.000008610120	0.000121794000
4	4.5	0.000357642000	0.000003982960	0.000039340600
4.5	5	0.000140161000	0.000002416810	0.000015417700
5	5.5	0.000046751100	0.000002222750	0.000006545150
5.5	6	0.000021614700	0.000001653230	0.000003026060
------------------------
pbar  10-20%
0.5	0.6	1.109080000000	0.024271800000	0.110908000000
0.6	0.7	1.206480000000	0.021863600000	0.120648000000
0.7	0.8	1.166830000000	0.019165200000	0.116683000000
0.8	0.9	1.013560000000	0.015552300000	0.101356000000
0.9	1	0.897530000000	0.013311400000	0.089753000000
1	1.1	0.726942000000	0.009378750000	0.072694200000
1.1	1.2	0.627666000000	0.008059240000	0.062766600000
1.2	1.3	0.489695000000	0.006058060000	0.048969500000
1.3	1.4	0.397792000000	0.004899710000	0.039779200000
1.4	1.5	0.320996000000	0.003917270000	0.032099600000
1.5	1.6	0.244847000000	0.002934980000	0.024484700000
1.6	1.7	0.190229000000	0.002254740000	0.019022900000
1.7	1.8	0.147839000000	0.001749920000	0.014783900000
1.8	1.9	0.113552000000	0.001331910000	0.011355200000
1.9	2	0.087617900000	0.001029730000	0.008761790000
2	2.2	0.059248300000	0.000496280000	0.005924830000
2.2	2.4	0.033494000000	0.000279391000	0.003349400000
2.4	2.6	0.019380300000	0.000163368000	0.001938030000
2.6	2.8	0.011153800000	0.000095452700	0.001115380000
2.8	3	0.006573610000	0.000058362400	0.000657361000
3	3.5	0.002737140000	0.000017415500	0.000301085000
3.5	4	0.000801142000	0.000006459980	0.000088125600
4	4.5	0.000267722000	0.000003104980	0.000029449400
4.5	5	0.000103858000	0.000001882860	0.000011424400
5	5.5	0.000035073400	0.000001756090	0.000004910280
5.5	6	0.000015250000	0.000001253180	0.000002135000
------------------------
pbar  20-40%
0.5	0.6	0.643700000000	0.010597200000	0.064370000000
0.6	0.7	0.694268000000	0.009400470000	0.069426800000
0.7	0.8	0.676772000000	0.008285220000	0.067677200000
0.8	0.9	0.580195000000	0.006660790000	0.058019500000
0.9	1	0.500509000000	0.005580420000	0.050050900000
1	1.1	0.405246000000	0.003777490000	0.040524600000
1.1	1.2	0.344781000000	0.003202280000	0.034478100000
1.2	1.3	0.265179000000	0.002375320000	0.026517900000
1.3	1.4	0.213684000000	0.001908090000	0.021368400000
1.4	1.5	0.170998000000	0.001515170000	0.017099800000
1.5	1.6	0.129528000000	0.001128790000	0.012952800000
1.6	1.7	0.100132000000	0.000863593000	0.010013200000
1.7	1.8	0.077293400000	0.000667207000	0.007729340000
1.8	1.9	0.059275600000	0.000507475000	0.005927560000
1.9	2	0.045349900000	0.000390290000	0.004534990000
2	2.2	0.030784500000	0.000188945000	0.003078450000
2.2	2.4	0.017422100000	0.000107000000	0.001742210000
2.4	2.6	0.010126500000	0.000063371600	0.001012650000
2.6	2.8	0.005840800000	0.000037469000	0.000584080000
2.8	3	0.003511790000	0.000023650600	0.000351179000
3	3.5	0.001477220000	0.000007301340	0.000162494000
3.5	4	0.000444425000	0.000002912760	0.000048886800
4	4.5	0.000152222000	0.000001473640	0.000016744400
4.5	5	0.000058792200	0.000000904786	0.000006467140
5	5.5	0.000020514900	0.000000866059	0.000002872090
5.5	6	0.000010685300	0.000000682766	0.000001495940
------------------------
pbar  40-60%
0.5	0.6	0.294021000000	0.005472730000	0.029402100000
0.6	0.7	0.302020000000	0.004618300000	0.030202000000
0.7	0.8	0.287475000000	0.003964060000	0.028747500000
0.8	0.9	0.238732000000	0.003126750000	0.023873200000
0.9	1	0.199082000000	0.002569830000	0.019908200000
1	1.1	0.154809000000	0.001472010000	0.015480900000
1.1	1.2	0.127419000000	0.001209990000	0.012741900000
1.2	1.3	0.095544900000	0.000877789000	0.009554490000
1.3	1.4	0.075020000000	0.000688645000	0.007502000000
1.4	1.5	0.058701100000	0.000535959000	0.005870110000
1.5	1.6	0.043555300000	0.000392611000	0.004355530000
1.6	1.7	0.033196600000	0.000297003000	0.003319660000
1.7	1.8	0.025256700000	0.000227013000	0.002525670000
1.8	1.9	0.019199600000	0.000171891000	0.001919960000
1.9	2	0.014544500000	0.000131472000	0.001454450000
2	2.2	0.009775470000	0.000063826000	0.000977547000
2.2	2.4	0.005474270000	0.000036639200	0.000547427000
2.4	2.6	0.003200850000	0.000022432400	0.000320085000
2.6	2.8	0.001835310000	0.000013720700	0.000183531000
2.8	3	0.001111610000	0.000009102080	0.000111161000
3	3.5	0.000480764000	0.000003099880	0.000052884000
3.5	4	0.000151021000	0.000001412670	0.000016612300
4	4.5	0.000053757000	0.000000777010	0.000005913270
4.5	5	0.000021290200	0.000000497246	0.000002341920
5	5.5	0.000006920890	0.000000463127	0.000000968925
5.5	6	0.000004520470	0.000000409433	0.000000632866
------------------------
pbar  60-92%
0.5	0.6	0.073070500000	0.001697200000	0.007307050000
0.6	0.7	0.078840700000	0.001459370000	0.007884070000
0.7	0.8	0.067345600000	0.001160250000	0.006734560000
0.8	0.9	0.050365800000	0.000865653000	0.005036580000
0.9	1	0.040246300000	0.000704407000	0.004024630000
1	1.1	0.029627300000	0.000273138000	0.002962730000
1.1	1.2	0.023412500000	0.000217677000	0.002341250000
1.2	1.3	0.016799500000	0.000152346000	0.001679950000
1.3	1.4	0.012646000000	0.000115946000	0.001264600000
1.4	1.5	0.009555570000	0.000087977900	0.000955557000
1.5	1.6	0.006927750000	0.000063889100	0.000692775000
1.6	1.7	0.005146810000	0.000047819300	0.000514681000
1.7	1.8	0.003831700000	0.000036442500	0.000383170000
1.8	1.9	0.002885120000	0.000027911500	0.000288512000
1.9	2	0.002166270000	0.000021736900	0.000216627000
2	2.2	0.001420630000	0.000010689300	0.000142063000
2.2	2.4	0.000786575000	0.000006544300	0.000078657500
2.4	2.6	0.000454089000	0.000004298060	0.000045408900
2.6	2.8	0.000264877000	0.000002921460	0.000026487700
2.8	3	0.000157874000	0.000002069840	0.000015787400
3	3.5	0.000069712400	0.000000783272	0.000007668360
3.5	4	0.000023295200	0.000000407177	0.000002562470
4	4.5	0.000008681350	0.000000238002	0.000000954949
4.5	5	0.000003960250	0.000000167079	0.000000435628
5	5.5	0.000001405750	0.000000164275	0.000000196805
5.5	6	0.000000744111	0.000000130118	0.000000104176
