PHOBOS
------------------------
eta	yield	yeilderr
------------------------
cent0
-5.300000191	72.292083740	25.698703766
-5.099999905	88.964233398	30.517726898
-4.900000095	116.828552246	34.265571594
-4.699999809	147.454895020	38.921226501
-4.500000000	173.092544556	43.946399689
-4.300000191	223.513946533	48.745727539
-4.099999905	262.477630615	51.988162994
-3.900000095	297.870361328	55.586177826
-3.700000048	345.325347900	58.902980804
-3.500000000	387.878997803	63.008201599
-3.299999952	420.483612061	71.284461975
-3.099999905	472.000549316	70.815948486
-2.900000095	519.498962402	73.438133240
-2.700000048	546.577636719	77.819541931
-2.500000000	572.937805176	81.891304016
-2.299999952	600.294067383	85.057548523
-2.099999905	617.312805176	88.197685242
-1.899999976	641.832458496	91.514564514
-1.700000048	653.074951172	93.512321472
-1.500000000	652.291442871	93.221862793
-1.299999952	655.508728027	93.151466370
-1.100000024	653.151123047	92.136245728
-0.899999976	652.749633789	90.582534790
-0.699999988	647.516052246	88.648147583
-0.500000000	637.687866211	87.615478516
-0.300000012	649.766052246	85.221755981
-0.100000001	642.598266602	84.392700195
0.100000001	640.510803223	84.542030334
0.300000012	647.693481445	85.051727295
0.500000000	634.537719727	88.415000916
0.699999988	641.307983398	89.404243469
0.899999976	644.122070312	91.252876282
1.100000024	645.974487305	92.651504517
1.299999952	653.934570312	93.056617737
1.500000000	656.526672363	93.752960205
1.700000048	652.849121094	93.460792542
1.899999976	640.414245605	91.253288269
2.099999905	630.086120605	89.463546753
2.299999952	607.745605469	85.480499268
2.500000000	577.862121582	81.435279846
2.700000048	560.939147949	78.564758301
2.900000095	516.956176758	73.502464294
3.099999905	480.390808105	69.498207092
3.299999952	435.675659180	65.991722107
3.500000000	402.111511230	62.893184662
3.700000048	349.748199463	58.710693359
3.900000095	305.843170166	55.429225922
4.099999905	262.543975830	52.000541687
4.300000191	225.120712280	49.291633606
4.500000000	182.782562256	43.742607117
4.699999809	147.906143188	38.973148346
4.900000095	117.969062805	34.275451660
5.099999905	93.337890625	29.795085907
5.300000191	72.882820129	25.623832703
------------------------
cent1
-5.300000191	64.171409607	22.316864014
-5.099999905	78.231521606	25.931083679
-4.900000095	99.883888245	29.234178543
-4.699999809	124.635231018	32.946186066
-4.500000000	146.528350830	36.221958160
-4.300000191	179.477615356	39.474758148
-4.099999905	211.733230591	42.400871277
-3.900000095	236.803802490	45.584388733
-3.700000048	271.680389404	47.908145905
-3.500000000	305.841094971	50.274291992
-3.299999952	333.071838379	54.562465668
-3.099999905	374.586608887	54.424484253
-2.900000095	401.615356445	57.060039520
-2.700000048	423.846862793	59.888004303
-2.500000000	446.057342529	62.349822998
-2.299999952	465.166259766	64.753562927
-2.099999905	474.509704590	67.025421143
-1.899999976	491.803741455	68.794281006
-1.700000048	499.619689941	70.032600403
-1.500000000	507.071655273	71.073860168
-1.299999952	504.871276855	70.439712524
-1.100000024	502.994506836	69.803169250
-0.899999976	500.652709961	68.817413330
-0.699999988	498.355499268	67.519432068
-0.500000000	496.568115234	66.133850098
-0.300000012	492.063201904	65.423347473
-0.100000001	499.160247803	64.678909302
0.100000001	497.454711914	64.604888916
0.300000012	499.116699219	65.038383484
0.500000000	492.756835938	66.624320984
0.699999988	498.455383301	67.512023926
0.899999976	502.547943115	68.764907837
1.100000024	499.293762207	70.026626587
1.299999952	501.843536377	70.366744995
1.500000000	504.434967041	70.639587402
1.700000048	499.210510254	69.982597351
1.899999976	491.004516602	68.711662292
2.099999905	477.163970947	66.875610352
2.299999952	466.767700195	64.828765869
2.500000000	447.374114990	62.307304382
2.700000048	425.369232178	59.748500824
2.900000095	404.320404053	57.031211853
3.099999905	385.026580811	55.995018005
3.299999952	347.513061523	52.046955109
3.500000000	317.151641846	50.115383148
3.700000048	279.508178711	47.319274902
3.900000095	242.276840210	44.821983337
4.099999905	211.130142212	42.329303741
4.300000191	181.262588501	39.769374847
4.500000000	148.316314697	36.163108826
4.699999809	123.011367798	32.781475067
4.900000095	101.039100647	29.293531418
5.099999905	81.561210632	25.742341995
5.300000191	65.085655212	22.311729431
------------------------
cent2
-5.300000191	51.684448242	18.548284531
-5.099999905	60.404582977	21.028766632
-4.900000095	75.772163391	23.253326416
-4.699999809	95.514541626	25.744876862
-4.500000000	108.919334412	27.766962051
-4.300000191	133.481521606	29.294124603
-4.099999905	157.210144043	30.929164886
-3.900000095	175.467025757	32.373504639
-3.700000048	199.757751465	33.559959412
-3.500000000	221.848098755	35.145580292
-3.299999952	242.192779541	37.154216766
-3.099999905	271.676269531	38.234764099
-2.900000095	283.927673340	40.121784210
-2.700000048	299.881927490	42.168472290
-2.500000000	313.033325195	44.256885529
-2.299999952	325.995819092	46.030395508
-2.099999905	335.804992676	47.702579498
-1.899999976	346.124816895	49.347511292
-1.700000048	351.223266602	50.267921448
-1.500000000	354.210723877	50.618087769
-1.299999952	352.897949219	50.192684174
-1.100000024	352.473175049	49.571605682
-0.899999976	354.054321289	48.620155334
-0.699999988	352.765930176	47.331531525
-0.500000000	349.732238770	46.021438599
-0.300000012	350.200561523	45.047927856
-0.100000001	346.831176758	44.779788971
0.100000001	348.113220215	44.682308197
0.300000012	347.047698975	45.154853821
0.500000000	349.404266357	46.031593323
0.699999988	349.036865234	47.411884308
0.899999976	350.965362549	48.596549988
1.100000024	349.919311523	49.718189240
1.299999952	351.545959473	50.180011749
1.500000000	348.483673096	50.350921631
1.700000048	347.157867432	49.904468536
1.899999976	343.288635254	49.049758911
2.099999905	338.670318604	47.913852692
2.299999952	327.304748535	46.022514343
2.500000000	315.827362061	44.075519562
2.700000048	300.628753662	42.087543488
2.900000095	284.744415283	40.024108887
3.099999905	276.584930420	39.654766083
3.299999952	253.079498291	36.909027100
3.500000000	229.078399658	35.000286102
3.700000048	199.130966187	33.669677734
3.900000095	178.268402100	32.089420319
4.099999905	154.803787231	30.763917923
4.300000191	133.000030518	29.268444061
4.500000000	111.683021545	27.499662399
4.699999809	93.243301392	25.480901718
4.900000095	78.598876953	23.436746597
5.099999905	63.335784912	20.913801193
5.300000191	52.994705200	18.827863693
------------------------
cent3

-5.300000191	40.981140137	13.533489227
-5.099999905	48.101478577	14.920256615
-4.900000095	58.486591339	16.566061020
-4.699999809	70.522567749	18.207746506
-4.500000000	77.782028198	20.081724167
-4.300000191	93.465065002	20.831468582
-4.099999905	109.240913391	21.837030411
-3.900000095	123.177246094	22.953994751
-3.700000048	136.880279541	24.200607300
-3.500000000	151.182357788	25.283939362
-3.299999952	165.844223022	26.104866028
-3.099999905	183.283630371	26.839244843
-2.900000095	191.909439087	28.011386871
-2.700000048	204.114318848	29.060028076
-2.500000000	209.879348755	30.415132523
-2.299999952	221.708297729	31.377899170
-2.099999905	225.853530884	32.160987854
-1.899999976	230.802871704	32.899021149
-1.700000048	235.839721680	33.570926666
-1.500000000	236.911941528	33.640445709
-1.299999952	239.285583496	33.715141296
-1.100000024	237.812438965	33.179565430
-0.899999976	237.893508911	32.627338409
-0.699999988	236.014007568	31.883516312
-0.500000000	237.033157349	31.246345520
-0.300000012	234.319595337	30.629623413
-0.100000001	234.103546143	30.441581726
0.100000001	232.349670410	30.614013672
0.300000012	233.450088501	30.683841705
0.500000000	234.004272461	31.231403351
0.699999988	235.645355225	31.892492294
0.899999976	236.420578003	32.599117279
1.100000024	235.035995483	33.283008575
1.299999952	233.521255493	33.781570435
1.500000000	234.757705688	33.577377319
1.700000048	232.151733398	33.382915497
1.899999976	231.462402344	32.949466705
2.099999905	229.165100098	32.589065552
2.299999952	219.417709351	31.245199203
2.500000000	210.954772949	30.268451691
2.700000048	202.076889038	29.162685394
2.900000095	193.281692505	27.907430649
3.099999905	187.912536621	28.051490784
3.299999952	173.104156494	26.360670090
3.500000000	158.665527344	25.289154053
3.700000048	138.871643066	23.840194702
3.900000095	123.782196045	22.882886887
4.099999905	109.836677551	21.828777313
4.300000191	94.937095642	20.708398819
4.500000000	80.156425476	19.514873505
4.699999809	70.062309265	18.129802704
4.900000095	59.255317688	16.692644119
5.099999905	48.607997894	14.968566895
5.300000191	41.960189819	13.864348412
------------------------
cent4
-5.300000191	29.877424240	10.094471931
-5.099999905	33.691337585	10.890534401
-4.900000095	40.900539398	11.909974098
-4.699999809	49.878662109	13.168190956
-4.500000000	53.220970154	14.177947998
-4.300000191	64.484451294	14.409795761
-4.099999905	74.361709595	15.067038536
-3.900000095	82.292579651	15.666525841
-3.700000048	90.220283508	16.509441376
-3.500000000	98.831459045	17.217321396
-3.299999952	108.680870056	17.444869995
-3.099999905	121.947540283	18.445966721
-2.900000095	125.489776611	18.522056580
-2.700000048	131.561279297	19.233682632
-2.500000000	135.853836060	20.076572418
-2.299999952	141.713897705	20.570671082
-2.099999905	145.558090210	21.139114380
-1.899999976	149.144577026	21.593736649
-1.700000048	152.068557739	21.952989578
-1.500000000	153.668945312	22.113079071
-1.299999952	154.095886230	22.049238205
-1.100000024	154.842575073	21.874195099
-0.899999976	154.531250000	21.501623154
-0.699999988	154.135879517	21.051628113
-0.500000000	155.645095825	20.903377533
-0.300000012	152.999252319	20.250099182
-0.100000001	152.972808838	20.147779465
0.100000001	149.794601440	20.567834854
0.300000012	151.782592773	20.292407990
0.500000000	153.495147705	20.591335297
0.699999988	153.097915649	21.039173126
0.899999976	151.989822388	21.631816864
1.100000024	151.420715332	22.098934174
1.299999952	152.737731934	22.056577682
1.500000000	153.199066162	22.076726913
1.700000048	150.983474731	21.908975601
1.899999976	148.733596802	21.592679977
2.099999905	147.036407471	21.180187225
2.299999952	141.784957886	20.566907883
2.500000000	139.299301147	20.024272919
2.700000048	133.309646606	19.264080048
2.900000095	124.384231567	18.636699677
3.099999905	121.207778931	18.209875107
3.299999952	113.969757080	17.877025604
3.500000000	102.340713501	16.678844452
3.700000048	92.809638977	16.137079239
3.900000095	84.118804932	15.658376694
4.099999905	72.661689758	15.130651474
4.300000191	63.864303589	14.446189880
4.500000000	55.003082275	13.728575706
4.699999809	48.912208557	12.930007935
4.900000095	40.961990356	11.914813995
5.099999905	34.000663757	10.884390831
5.300000191	29.296186447	9.941823006
------------------------
cent5
-5.300000191	19.495555878	6.984034061
-5.099999905	22.525453568	7.513072014
-4.900000095	27.042272568	8.149167061
-4.699999809	31.523439407	8.641254425
-4.500000000	35.478473663	9.027763367
-4.300000191	39.567173004	9.622176170
-4.099999905	47.149559021	9.657872200
-3.900000095	51.605892181	9.925724030
-3.700000048	55.858058929	10.508039474
-3.500000000	62.647949219	10.384167671
-3.299999952	66.826972961	10.845970154
-3.099999905	75.856719971	11.713644028
-2.900000095	76.470298767	11.396675110
-2.700000048	80.580352783	11.785457611
-2.500000000	83.763877869	12.215358734
-2.299999952	86.126586914	12.632655144
-2.099999905	88.219337463	13.002920151
-1.899999976	89.516616821	13.322235107
-1.700000048	91.487075806	13.528988838
-1.500000000	91.713607788	13.643893242
-1.299999952	93.201118469	13.685397148
-1.100000024	92.785247803	13.545676231
-0.899999976	92.325340271	13.354126930
-0.699999988	93.632667542	13.227446556
-0.500000000	93.586135864	13.025107384
-0.300000012	90.052917480	12.899647713
-0.100000001	92.344429016	12.626134872
0.100000001	91.345809937	12.620282173
0.300000012	91.776321411	12.652363777
0.500000000	91.942359924	12.841953278
0.699999988	90.902725220	13.251486778
0.899999976	92.882926941	13.358275414
1.100000024	91.642471313	13.614771843
1.299999952	91.810195923	13.675409317
1.500000000	92.429946899	13.652237892
1.700000048	91.510566711	13.530076981
1.899999976	90.282257080	13.311006546
2.099999905	87.921989441	13.017454147
2.299999952	85.936996460	12.641408920
2.500000000	83.562782288	12.218803406
2.700000048	80.657882690	11.784464836
2.900000095	77.458518982	11.374877930
3.099999905	76.118652344	11.848270416
3.299999952	70.020309448	10.895910263
3.500000000	63.875259399	10.377365112
3.700000048	57.580207825	10.109035492
3.900000095	51.598579407	9.926799774
4.099999905	45.298099518	9.837039948
4.300000191	40.766086578	9.374643326
4.500000000	35.117465973	9.069894791
4.699999809	32.028781891	8.749435425
4.900000095	26.119834900	8.082383156
5.099999905	22.524297714	7.512971878
5.300000191	19.780286789	7.068282127
------------------------
