Transverse Momentum $p_T$ [GeV/c]	$\pi^{\pm}$ $v_2$ in centrality 0-10%	stat +	stat -	pT uncor. sys +	pT uncor. sys -	pT cor. sys +	pT cor. sys -
0.49	0.01919	6.00E-05	-6.00E-05	0.00028	-0.00028	0.005	-0.005
0.69	0.03042	8.00E-05	-8.00E-05	0.0004	-0.0004	0.005	-0.005
0.89	0.04045	0.00011	-0.00011	0.0006	-0.0006	0.005	-0.005
1.09	0.04956	0.00014	-0.00014	0.0007	-0.0007	0.006	-0.006
1.29	0.05699	0.00019	-0.00019	0.0008	-0.0008	0.006	-0.006
1.49	0.06274	0.00026	-0.00026	0.0009	-0.0009	0.006	-0.006
1.69	0.06763	0.00035	-0.00035	0.001	-0.001	0.006	-0.006
1.89	0.072	0.0005	-0.0005	0.0011	-0.0011	0.006	-0.006
2.09	0.0733	0.0006	-0.0006	0.0011	-0.0011	0.006	-0.006
2.29	0.0757	0.0009	-0.0009	0.0011	-0.0011	0.006	-0.006
2.49	0.0752	0.0013	-0.0013	0.0011	-0.0011	0.006	-0.006
2.69	0.0735	0.0018	-0.0018	0.0011	-0.0011	0.006	-0.006
2.89	0.0753	0.0026	-0.0026	0.0011	-0.0011	0.006	-0.006
3.21	0.0694	0.0033	-0.0033	0.001	-0.001	0.006	-0.006
3.71	0.0575	0.005	-0.005	0.0008	-0.0008	0.006	-0.006
							
Transverse Momentum $p_T$ [GeV/c]	$\pi^{\pm}$ $v_3$ in centrality 0-10%	stat +	stat -	pT uncor. sys +	pT uncor. sys -	pT cor. sys +	pT cor. sys -
0.49	0.00786	0.0001	-0.0001	6.00E-05	-6.00E-05	0.0006	-0.0006
0.69	0.01565	0.00014	-0.00014	0.00013	-0.00013	0.0009	-0.0009
0.89	0.02469	0.00019	-0.00019	0.0002	-0.0002	0.0013	-0.0013
1.09	0.03297	0.00025	-0.00025	0.00026	-0.00026	0.0016	-0.0016
1.29	0.04135	0.00034	-0.00034	0.00033	-0.00033	0.002	-0.002
1.49	0.0489	0.0005	-0.0005	0.0004	-0.0004	0.0024	-0.0024
1.69	0.0559	0.0006	-0.0006	0.0004	-0.0004	0.0027	-0.0027
1.89	0.061	0.0008	-0.0008	0.0005	-0.0005	0.0029	-0.0029
2.09	0.0648	0.0011	-0.0011	0.0005	-0.0005	0.0031	-0.0031
2.29	0.0675	0.0016	-0.0016	0.0005	-0.0005	0.0032	-0.0032
2.49	0.0732	0.0022	-0.0022	0.0006	-0.0006	0.0035	-0.0035
2.69	0.0689	0.0032	-0.0032	0.0006	-0.0006	0.0033	-0.0033
2.89	0.0735	0.005	-0.005	0.0006	-0.0006	0.0035	-0.0035
3.21	0.0685	0.006	-0.006	0.0006	-0.0006	0.0033	-0.0033
3.71	0.0599	0.009	-0.009	0.0005	-0.0005	0.0029	-0.0029
							
Transverse Momentum $p_T$ [GeV/c]	$\pi^{\pm}$ $v_4$ in centrality 0-10%	stat +	stat -	pT uncor. sys +	pT uncor. sys -	pT cor. sys +	pT cor. sys -
0.49	0.00263	0.00025	-0.00025	7.00E-05	-7.00E-05	0.0013	-0.0013
0.69	0.00777	0.00033	-0.00033	0.00021	-0.00021	0.0025	-0.0025
0.89	0.0137	0.0005	-0.0005	0.0004	-0.0004	0.0035	-0.0035
1.09	0.0199	0.0006	-0.0006	0.0005	-0.0005	0.004	-0.004
1.29	0.0275	0.0008	-0.0008	0.0008	-0.0008	0.005	-0.005
1.49	0.0326	0.0011	-0.0011	0.0009	-0.0009	0.006	-0.006
1.69	0.0371	0.0015	-0.0015	0.001	-0.001	0.006	-0.006
1.89	0.0412	0.002	-0.002	0.0011	-0.0011	0.007	-0.007
2.09	0.0485	0.0027	-0.0027	0.0013	-0.0013	0.008	-0.008
2.29	0.0564	0.004	-0.004	0.0015	-0.0015	0.009	-0.009
2.49	0.0485	0.005	-0.005	0.0013	-0.0013	0.008	-0.008
2.69	0.0554	0.008	-0.008	0.0015	-0.0015	0.009	-0.009
2.89	0.0524	0.011	-0.011	0.0014	-0.0014	0.008	-0.008
3.21	0.0593	0.014	-0.014	0.0016	-0.0016	0.009	-0.009
3.71	0.0669	0.023	-0.023	0.0018	-0.0018	0.01	-0.01

Transverse Momentum $p_T$ [GeV/c]	$\pi^{\pm}$ $v_2$ in centrality 10-20%	stat +	stat -	pT uncor. sys +	pT uncor. sys -	pT cor. sys +	pT cor. sys -
0.49	0.03791	5.00E-05	-5.00E-05	0.0004	-0.0004	0.005	-0.005
0.69	0.05694	7.00E-05	-7.00E-05	0.0005	-0.0005	0.006	-0.006
0.89	0.07435	9.00E-05	-9.00E-05	0.0007	-0.0007	0.006	-0.006
1.09	0.08949	0.00013	-0.00013	0.0008	-0.0008	0.006	-0.006
1.29	0.1023	0.00017	-0.00017	0.001	-0.001	0.006	-0.006
1.49	0.11324	0.00023	-0.00023	0.0011	-0.0011	0.006	-0.006
1.69	0.12155	0.0003	-0.0003	0.0011	-0.0011	0.007	-0.007
1.89	0.1277	0.0004	-0.0004	0.0012	-0.0012	0.007	-0.007
2.09	0.1325	0.0005	-0.0005	0.0012	-0.0012	0.007	-0.007
2.29	0.1347	0.0007	-0.0007	0.0013	-0.0013	0.007	-0.007
2.49	0.1337	0.001	-0.001	0.0013	-0.0013	0.007	-0.007
2.69	0.1359	0.0015	-0.0015	0.0013	-0.0013	0.007	-0.007
2.89	0.136	0.0022	-0.0022	0.0013	-0.0013	0.007	-0.007
3.21	0.131	0.0026	-0.0026	0.0012	-0.0012	0.007	-0.007
3.71	0.1252	0.004	-0.004	0.0012	-0.0012	0.007	-0.007
							
Transverse Momentum $p_T$ [GeV/c]	$\pi^{\pm}$ $v_3$ in centrality 10-20%	stat +	stat -	pT uncor. sys +	pT uncor. sys -	pT cor. sys +	pT cor. sys -
0.49	0.01098	0.00012	-0.00012	0.0001	-0.0001	0.0008	-0.0008
0.69	0.02034	0.00016	-0.00016	0.00018	-0.00018	0.0013	-0.0013
0.89	0.03072	0.00021	-0.00021	0.00027	-0.00027	0.0019	-0.0019
1.09	0.04068	0.00029	-0.00029	0.0004	-0.0004	0.0025	-0.0025
1.29	0.0504	0.0004	-0.0004	0.0004	-0.0004	0.0031	-0.0031
1.49	0.0599	0.0005	-0.0005	0.0005	-0.0005	0.004	-0.004
1.69	0.0659	0.0007	-0.0007	0.0006	-0.0006	0.004	-0.004
1.89	0.0715	0.0009	-0.0009	0.0006	-0.0006	0.004	-0.004
2.09	0.0788	0.0012	-0.0012	0.0007	-0.0007	0.005	-0.005
2.29	0.0786	0.0017	-0.0017	0.0007	-0.0007	0.005	-0.005
2.49	0.084	0.0024	-0.0024	0.0007	-0.0007	0.005	-0.005
2.69	0.0842	0.0035	-0.0035	0.0007	-0.0007	0.005	-0.005
2.89	0.0862	0.005	-0.005	0.0008	-0.0008	0.005	-0.005
3.21	0.079	0.006	-0.006	0.0007	-0.0007	0.005	-0.005
3.71	0.0568	0.01	-0.01	0.0005	-0.0005	0.0035	-0.0035
							
Transverse Momentum $p_T$ [GeV/c]	$\pi^{\pm}$ $v_4$ in centrality 10-20%	stat +	stat -	pT uncor. sys +	pT uncor. sys -	pT cor. sys +	pT cor. sys -
0.49	0.00724	0.0003	-0.0003	0.00017	-0.00017	0.005	-0.005
0.69	0.0133	0.0004	-0.0004	0.00031	-0.00031	0.008	-0.008
0.89	0.0214	0.0006	-0.0006	0.0005	-0.0005	0.01	-0.01
1.09	0.0287	0.0007	-0.0007	0.0007	-0.0007	0.012	-0.012
1.29	0.0381	0.001	-0.001	0.0009	-0.0009	0.014	-0.014
1.49	0.0461	0.0013	-0.0013	0.0011	-0.0011	0.015	-0.015
1.69	0.0511	0.0018	-0.0018	0.0012	-0.0012	0.015	-0.015
1.89	0.0591	0.0024	-0.0024	0.0014	-0.0014	0.016	-0.016
2.09	0.0603	0.0032	-0.0032	0.0014	-0.0014	0.015	-0.015
2.29	0.0647	0.004	-0.004	0.0015	-0.0015	0.015	-0.015
2.49	0.0651	0.006	-0.006	0.0015	-0.0015	0.015	-0.015
2.69	0.0669	0.009	-0.009	0.0015	-0.0015	0.015	-0.015
2.89	0.0599	0.013	-0.013	0.0014	-0.0014	0.013	-0.013
3.21	0.0662	0.016	-0.016	0.0015	-0.0015	0.014	-0.014
3.71	0.0358	0.025	-0.025	0.0008	-0.0008	0.007	-0.007

Transverse Momentum $p_T$ [GeV/c]	$\pi^{\pm}$ $v_2$ in centrality 20-30%	stat +	stat -	pT uncor. sys +	pT uncor. sys -	pT cor. sys +	pT cor. sys -
0.49	0.05365	6.00E-05	-6.00E-05	0.00032	-0.00032	0.0024	-0.0024
0.69	0.07869	8.00E-05	-8.00E-05	0.0005	-0.0005	0.0028	-0.0028
0.89	0.10104	0.0001	-0.0001	0.0006	-0.0006	0.0033	-0.0033
1.09	0.12075	0.00014	-0.00014	0.0007	-0.0007	0.004	-0.004
1.29	0.13691	0.00019	-0.00019	0.0008	-0.0008	0.004	-0.004
1.49	0.14973	0.00025	-0.00025	0.0009	-0.0009	0.005	-0.005
1.69	0.16006	0.00033	-0.00033	0.001	-0.001	0.005	-0.005
1.89	0.1677	0.0004	-0.0004	0.001	-0.001	0.005	-0.005
2.09	0.1714	0.0006	-0.0006	0.001	-0.001	0.005	-0.005
2.29	0.1749	0.0008	-0.0008	0.001	-0.001	0.005	-0.005
2.49	0.1761	0.0011	-0.0011	0.001	-0.001	0.005	-0.005
2.69	0.178	0.0016	-0.0016	0.0011	-0.0011	0.005	-0.005
2.89	0.1721	0.0023	-0.0023	0.001	-0.001	0.005	-0.005
3.21	0.174	0.0028	-0.0028	0.001	-0.001	0.005	-0.005
3.72	0.16	0.004	-0.004	0.001	-0.001	0.005	-0.005
							
Transverse Momentum $p_T$ [GeV/c]	$\pi^{\pm}$ $v_3$ in centrality 20-30%	stat +	stat -	pT uncor. sys +	pT uncor. sys -	pT cor. sys +	pT cor. sys -
0.49	0.01312	0.00015	-0.00015	0.00012	-0.00012	0.0015	-0.0015
0.69	0.02329	0.00021	-0.00021	0.00022	-0.00022	0.0023	-0.0023
0.89	0.03471	0.00028	-0.00028	0.00033	-0.00033	0.0033	-0.0033
1.09	0.0454	0.0004	-0.0004	0.0004	-0.0004	0.004	-0.004
1.29	0.055	0.0005	-0.0005	0.0005	-0.0005	0.005	-0.005
1.49	0.0643	0.0007	-0.0007	0.0006	-0.0006	0.006	-0.006
1.69	0.0723	0.0009	-0.0009	0.0007	-0.0007	0.007	-0.007
1.89	0.0787	0.0012	-0.0012	0.0007	-0.0007	0.007	-0.007
2.09	0.0829	0.0016	-0.0016	0.0008	-0.0008	0.008	-0.008
2.29	0.0866	0.0022	-0.0022	0.0008	-0.0008	0.008	-0.008
2.49	0.0892	0.0031	-0.0031	0.0008	-0.0008	0.008	-0.008
2.69	0.0941	0.004	-0.004	0.0009	-0.0009	0.009	-0.009
2.89	0.0754	0.006	-0.006	0.0007	-0.0007	0.007	-0.007
3.21	0.0941	0.008	-0.008	0.0009	-0.0009	0.009	-0.009
3.72	0.075	0.012	-0.012	0.0007	-0.0007	0.007	-0.007
							
Transverse Momentum $p_T$ [GeV/c]	$\pi^{\pm}$ $v_4$ in centrality 20-30%	stat +	stat -	pT uncor. sys +	pT uncor. sys -	pT cor. sys +	pT cor. sys -
0.49	0.011	0.0004	-0.0004	0.0002	-0.0002	0.008	-0.008
0.69	0.01866	0.0005	-0.0005	0.00033	-0.00033	0.012	-0.012
0.89	0.0285	0.0007	-0.0007	0.0005	-0.0005	0.015	-0.015
1.09	0.0389	0.001	-0.001	0.0007	-0.0007	0.018	-0.018
1.29	0.0479	0.0013	-0.0013	0.0009	-0.0009	0.02	-0.02
1.49	0.0571	0.0018	-0.0018	0.001	-0.001	0.022	-0.022
1.69	0.0619	0.0024	-0.0024	0.0011	-0.0011	0.023	-0.023
1.89	0.0712	0.0031	-0.0031	0.0013	-0.0013	0.025	-0.025
2.09	0.0693	0.004	-0.004	0.0012	-0.0012	0.023	-0.023
2.29	0.0715	0.006	-0.006	0.0013	-0.0013	0.023	-0.023
2.49	0.0778	0.008	-0.008	0.0014	-0.0014	0.025	-0.025
2.69	0.0998	0.012	-0.012	0.0018	-0.0018	0.031	-0.031
2.89	0.0869	0.017	-0.017	0.0016	-0.0016	0.027	-0.027
3.21	0.0617	0.02	-0.02	0.0011	-0.0011	0.019	-0.019
3.72	0.0366	0.031	-0.031	0.0007	-0.0007	0.011	-0.011

Transverse Momentum $p_T$ [GeV/c]	$\pi^{\pm}$ $v_2$ in centrality 30-40%	stat +	stat -	pT uncor. sys +	pT uncor. sys -	pT cor. sys +	pT cor. sys -
0.49	0.06462	7.00E-05	-7.00E-05	0.00027	-0.00027	0.0023	-0.0023
0.69	0.09386	0.0001	-0.0001	0.0004	-0.0004	0.0031	-0.0031
0.89	0.11953	0.00013	-0.00013	0.0005	-0.0005	0.004	-0.004
1.09	0.1417	0.00018	-0.00018	0.0006	-0.0006	0.004	-0.004
1.29	0.15926	0.00024	-0.00024	0.0007	-0.0007	0.005	-0.005
1.49	0.1735	0.00032	-0.00032	0.0007	-0.0007	0.005	-0.005
1.69	0.1834	0.0004	-0.0004	0.0008	-0.0008	0.005	-0.005
1.89	0.1911	0.0005	-0.0005	0.0008	-0.0008	0.006	-0.006
2.09	0.1977	0.0007	-0.0007	0.0008	-0.0008	0.006	-0.006
2.29	0.1989	0.001	-0.001	0.0008	-0.0008	0.006	-0.006
2.49	0.1981	0.0014	-0.0014	0.0008	-0.0008	0.006	-0.006
2.69	0.1971	0.002	-0.002	0.0008	-0.0008	0.006	-0.006
2.89	0.1979	0.0028	-0.0028	0.0008	-0.0008	0.006	-0.006
3.21	0.194	0.0034	-0.0034	0.0008	-0.0008	0.006	-0.006
3.71	0.1796	0.005	-0.005	0.0008	-0.0008	0.005	-0.005
							
Transverse Momentum $p_T$ [GeV/c]	$\pi^{\pm}$ $v_3$ in centrality 30-40%	stat +	stat -	pT uncor. sys +	pT uncor. sys -	pT cor. sys +	pT cor. sys -
0.49	0.0141	0.00022	-0.00022	0.00018	-0.00018	0.0025	-0.0025
0.69	0.0251	0.0003	-0.0003	0.00032	-0.00032	0.0034	-0.0034
0.89	0.0366	0.0004	-0.0004	0.0005	-0.0005	0.004	-0.004
1.09	0.0471	0.0005	-0.0005	0.0006	-0.0006	0.005	-0.005
1.29	0.0586	0.0007	-0.0007	0.0008	-0.0008	0.007	-0.007
1.49	0.0651	0.001	-0.001	0.0008	-0.0008	0.007	-0.007
1.69	0.0751	0.0013	-0.0013	0.001	-0.001	0.008	-0.008
1.89	0.0764	0.0017	-0.0017	0.001	-0.001	0.008	-0.008
2.09	0.0789	0.0023	-0.0023	0.001	-0.001	0.009	-0.009
2.29	0.0863	0.0031	-0.0031	0.0011	-0.0011	0.01	-0.01
2.49	0.0819	0.004	-0.004	0.0011	-0.0011	0.009	-0.009
2.69	0.0977	0.006	-0.006	0.0013	-0.0013	0.011	-0.011
2.89	0.0864	0.009	-0.009	0.0011	-0.0011	0.01	-0.01
3.21	0.0872	0.01	-0.01	0.0011	-0.0011	0.01	-0.01
3.71	0.0991	0.016	-0.016	0.0013	-0.0013	0.011	-0.011
							
Transverse Momentum $p_T$ [GeV/c]	$\pi^{\pm}$ $v_4$ in centrality 30-40%	stat +	stat -	pT uncor. sys +	pT uncor. sys -	pT cor. sys +	pT cor. sys -
0.49	0.0137	0.0006	-0.0006	0.0004	-0.0004	0.01	-0.01
0.69	0.023	0.0008	-0.0008	0.0007	-0.0007	0.014	-0.014
0.89	0.0354	0.0011	-0.0011	0.001	-0.001	0.019	-0.019
1.09	0.0428	0.0015	-0.0015	0.0013	-0.0013	0.021	-0.021
1.29	0.0578	0.002	-0.002	0.0017	-0.0017	0.026	-0.026
1.49	0.0663	0.0027	-0.0027	0.0019	-0.0019	0.027	-0.027
1.69	0.0734	0.004	-0.004	0.0022	-0.0022	0.028	-0.028
1.89	0.0695	0.005	-0.005	0.002	-0.002	0.026	-0.026
2.09	0.0879	0.006	-0.006	0.0026	-0.0026	0.031	-0.031
2.29	0.101	0.009	-0.009	0.003	-0.003	0.035	-0.035
2.49	0.0756	0.012	-0.012	0.0022	-0.0022	0.025	-0.025
2.69	0.0795	0.017	-0.017	0.0023	-0.0023	0.026	-0.026
2.89	0.0717	0.025	-0.025	0.0021	-0.0021	0.023	-0.023
3.21	0.0738	0.029	-0.029	0.0022	-0.0022	0.023	-0.023
3.71	0.1194	0.05	-0.05	0.0035	-0.0035	0.04	-0.04

Transverse Momentum $p_T$ [GeV/c]	$\pi^{\pm}$ $v_2$ in centrality 40-50%	stat +	stat -	pT uncor. sys +	pT uncor. sys -	pT cor. sys +	pT cor. sys -
0.49	0.07098	0.0001	-0.0001	0.00021	-0.00021	0.0024	-0.0024
0.69	0.10232	0.00014	-0.00014	0.0003	-0.0003	0.0033	-0.0033
0.89	0.13003	0.00019	-0.00019	0.0004	-0.0004	0.004	-0.004
1.09	0.15293	0.00025	-0.00025	0.0005	-0.0005	0.005	-0.005
1.29	0.17121	0.00034	-0.00034	0.0005	-0.0005	0.005	-0.005
1.49	0.1853	0.0005	-0.0005	0.0006	-0.0006	0.006	-0.006
1.69	0.196	0.0006	-0.0006	0.0006	-0.0006	0.006	-0.006
1.89	0.2032	0.0008	-0.0008	0.0006	-0.0006	0.006	-0.006
2.09	0.2075	0.001	-0.001	0.0006	-0.0006	0.007	-0.007
2.29	0.2084	0.0014	-0.0014	0.0006	-0.0006	0.007	-0.007
2.49	0.2128	0.002	-0.002	0.0006	-0.0006	0.007	-0.007
2.69	0.2068	0.0028	-0.0028	0.0006	-0.0006	0.007	-0.007
2.89	0.2062	0.004	-0.004	0.0006	-0.0006	0.007	-0.007
3.21	0.2012	0.005	-0.005	0.0006	-0.0006	0.006	-0.006
3.72	0.1869	0.007	-0.007	0.0006	-0.0006	0.006	-0.006
							
Transverse Momentum $p_T$ [GeV/c]	$\pi^{\pm}$ $v_3$ in centrality 40-50%	stat +	stat -	pT uncor. sys +	pT uncor. sys -	pT cor. sys +	pT cor. sys -
0.49	0.01427	0.00035	-0.00035	0.0003	-0.0003	0.0032	-0.0032
0.69	0.0257	0.0005	-0.0005	0.0005	-0.0005	0.005	-0.005
0.89	0.0356	0.0007	-0.0007	0.0008	-0.0008	0.006	-0.006
1.09	0.0475	0.0009	-0.0009	0.001	-0.001	0.008	-0.008
1.29	0.0579	0.0012	-0.0012	0.0012	-0.0012	0.009	-0.009
1.49	0.0668	0.0016	-0.0016	0.0014	-0.0014	0.011	-0.011
1.69	0.0716	0.0021	-0.0021	0.0015	-0.0015	0.011	-0.011
1.89	0.075	0.0028	-0.0028	0.0016	-0.0016	0.012	-0.012
2.09	0.075	0.004	-0.004	0.0016	-0.0016	0.012	-0.012
2.29	0.0819	0.005	-0.005	0.0018	-0.0018	0.013	-0.013
2.49	0.0776	0.007	-0.007	0.0017	-0.0017	0.012	-0.012
2.69	0.0674	0.01	-0.01	0.0014	-0.0014	0.011	-0.011
2.89	0.082	0.014	-0.014	0.0018	-0.0018	0.013	-0.013
3.21	0.066	0.016	-0.016	0.0014	-0.0014	0.011	-0.011
3.72	0.052	0.025	-0.025	0.0011	-0.0011	0.008	-0.008
							
Transverse Momentum $p_T$ [GeV/c]	$\pi^{\pm}$ $v_4$ in centrality 40-50%	stat +	stat -	pT uncor. sys +	pT uncor. sys -	pT cor. sys +	pT cor. sys -
0.49	0.0156	0.0013	-0.0013	0.0007	-0.0007	0.01	-0.01
0.69	0.0293	0.0018	-0.0018	0.0014	-0.0014	0.015	-0.015
0.89	0.0438	0.0025	-0.0025	0.0021	-0.0021	0.019	-0.019
1.09	0.0538	0.0033	-0.0033	0.0026	-0.0026	0.021	-0.021
1.29	0.0687	0.004	-0.004	0.0033	-0.0033	0.025	-0.025
1.49	0.077	0.006	-0.006	0.004	-0.004	0.026	-0.026
1.69	0.092	0.008	-0.008	0.004	-0.004	0.03	-0.03
1.89	0.093	0.01	-0.01	0.004	-0.004	0.03	-0.03
2.09	0.099	0.014	-0.014	0.005	-0.005	0.031	-0.031
2.29	0.112	0.019	-0.019	0.005	-0.005	0.035	-0.035
2.49	0.127	0.026	-0.026	0.006	-0.006	0.04	-0.04
2.69	0.0647	0.04	-0.04	0.0031	-0.0031	0.02	-0.02
2.89	0.151	0.05	-0.05	0.007	-0.007	0.05	-0.05
3.21	0.0719	0.06	-0.06	0.0035	-0.0035	0.022	-0.022
3.72	0.167	0.09	-0.09	0.008	-0.008	0.05	-0.05

Transverse Momentum $p_T$ [GeV/c]	$\pi^{\pm}$ $v_2$ in centrality 50-60%	stat +	stat -	pT uncor. sys +	pT uncor. sys -	pT cor. sys +	pT cor. sys -
0.49	0.07213	0.00017	-0.00017	0.00019	-0.00019	0.0026	-0.0026
0.69	0.10432	0.00022	-0.00022	0.00027	-0.00027	0.004	-0.004
0.89	0.13245	0.00031	-0.00031	0.00034	-0.00034	0.005	-0.005
1.09	0.155	0.0004	-0.0004	0.0004	-0.0004	0.006	-0.006
1.29	0.1746	0.0006	-0.0006	0.0005	-0.0005	0.006	-0.006
1.49	0.1866	0.0008	-0.0008	0.0005	-0.0005	0.007	-0.007
1.69	0.1964	0.001	-0.001	0.0005	-0.0005	0.007	-0.007
1.89	0.2041	0.0013	-0.0013	0.0005	-0.0005	0.007	-0.007
2.09	0.2065	0.0017	-0.0017	0.0005	-0.0005	0.007	-0.007
2.29	0.2062	0.0024	-0.0024	0.0005	-0.0005	0.007	-0.007
2.49	0.2072	0.0033	-0.0033	0.0005	-0.0005	0.008	-0.008
2.69	0.2119	0.005	-0.005	0.0005	-0.0005	0.008	-0.008
2.89	0.2071	0.007	-0.007	0.0005	-0.0005	0.008	-0.008
3.22	0.2003	0.007	-0.007	0.0005	-0.0005	0.007	-0.007
3.72	0.1908	0.011	-0.011	0.0005	-0.0005	0.007	-0.007
							
Transverse Momentum $p_T$ [GeV/c]	$\pi^{\pm}$ $v_3$ in centrality 50-60%	stat +	stat -	pT uncor. sys +	pT uncor. sys -	pT cor. sys +	pT cor. sys -
0.49	0.0123	0.0006	-0.0006	0.0004	-0.0004	0.005	-0.005
0.69	0.0213	0.0008	-0.0008	0.0008	-0.0008	0.007	-0.007
0.89	0.0339	0.0012	-0.0012	0.0012	-0.0012	0.01	-0.01
1.09	0.0414	0.0016	-0.0016	0.0015	-0.0015	0.011	-0.011
1.29	0.0494	0.0021	-0.0021	0.0017	-0.0017	0.013	-0.013
1.49	0.0558	0.0029	-0.0029	0.002	-0.002	0.015	-0.015
1.69	0.0658	0.004	-0.004	0.0023	-0.0023	0.017	-0.017
1.89	0.051	0.005	-0.005	0.0018	-0.0018	0.014	-0.014
2.09	0.0654	0.007	-0.007	0.0023	-0.0023	0.017	-0.017
2.29	0.067	0.009	-0.009	0.0024	-0.0024	0.017	-0.017
2.49	0.0653	0.012	-0.012	0.0023	-0.0023	0.017	-0.017
2.69	0.0598	0.017	-0.017	0.0021	-0.0021	0.016	-0.016
2.89	0.00231	0.024	-0.024	8.00E-05	-8.00E-05	0.004	-0.004
3.22	0.0248	0.028	-0.028	0.0009	-0.0009	0.008	-0.008
3.72	0.0473	0.04	-0.04	0.0017	-0.0017	0.013	-0.013
							
Transverse Momentum $p_T$ [GeV/c]	$\pi^{\pm}$ $v_4\{\Psi_2\}$ in centrality 50-60%	stat +	stat -	pT uncor. sys +	pT uncor. sys -	pT cor. sys +	pT cor. sys -
0.49	0.00486	0.0004	-0.0004	0.00026	-0.00026	0.0014	-0.0014
0.69	0.0091	0.0005	-0.0005	0.0005	-0.0005	0.0019	-0.0019
0.89	0.0148	0.0007	-0.0007	0.0008	-0.0008	0.0028	-0.0028
1.09	0.0198	0.001	-0.001	0.0011	-0.0011	0.004	-0.004
1.29	0.0206	0.0014	-0.0014	0.0011	-0.0011	0.004	-0.004
1.49	0.0291	0.0018	-0.0018	0.0015	-0.0015	0.005	-0.005
1.69	0.03	0.0024	-0.0024	0.0016	-0.0016	0.005	-0.005
1.89	0.0375	0.0032	-0.0032	0.002	-0.002	0.007	-0.007
2.09	0.0372	0.004	-0.004	0.002	-0.002	0.007	-0.007
2.29	0.0336	0.006	-0.006	0.0018	-0.0018	0.006	-0.006
2.49	0.035	0.008	-0.008	0.0019	-0.0019	0.006	-0.006
2.69	0.0461	0.011	-0.011	0.0025	-0.0025	0.008	-0.008
2.89	0.0127	0.016	-0.016	0.0007	-0.0007	0.0025	-0.0025
3.22	0.067	0.018	-0.018	0.004	-0.004	0.012	-0.012
3.72	0.0455	0.028	-0.028	0.0024	-0.0024	0.008	-0.008
