#: $p_T$			Au+Au $K^-/K^+$ $0-10\%$ centrality				
$p_T$	$p_T$ LOW	$p_T$ HIGH	Ratio of Yields	Stat error +	Stat error -	Sys error +	Sys error -
0.55	0.5	0.6	0.959355	0.03044	-0.03044	0.04796775	-0.04796775
0.65	0.6	0.7	0.937581	0.026019	-0.026019	0.04687905	-0.04687905
0.75	0.7	0.8	0.97237	0.024924	-0.024924	0.0486185	-0.0486185
0.85	0.8	0.9	0.999473	0.0249246	-0.0249246	0.04997365	-0.04997365
0.95	0.9	1	0.951988	0.0226694	-0.0226694	0.0475994	-0.0475994
1.05	1	1.1	0.942747	0.0208067	-0.0208067	0.04713735	-0.04713735
1.15	1.1	1.2	0.916548	0.01936	-0.01936	0.0458274	-0.0458274
1.25	1.2	1.3	0.959547	0.0196108	-0.0196108	0.04797735	-0.04797735
1.35	1.3	1.4	0.936068	0.018736	-0.018736	0.0468034	-0.0468034
1.45	1.4	1.5	0.911318	0.0178707	-0.0178707	0.0455659	-0.0455659
1.55	1.5	1.6	0.939359	0.0179769	-0.0179769	0.04696795	-0.04696795
1.65	1.6	1.7	0.942102	0.017642	-0.017642	0.0471051	-0.0471051
1.75	1.7	1.8	0.941158	0.0174552	-0.0174552	0.0470579	-0.0470579
1.85	1.8	1.9	0.920199	0.016819	-0.016819	0.04600995	-0.04600995
1.95	1.9	2	0.958812	0.0175039	-0.0175039	0.0479406	-0.0479406
2.1	2	2.2	0.936315	0.0119819	-0.0119819	0.04681575	-0.04681575
2.3	2.2	2.4	0.964677	0.0122427	-0.0122427	0.04823385	-0.04823385
2.5	2.4	2.6	0.920718	0.0120334	-0.0120334	0.0460359	-0.0460359
2.7	2.6	2.8	0.921014	0.0127716	-0.0127716	0.0460507	-0.0460507
2.9	2.8	3	0.919786	0.0140827	-0.0140827	0.0459893	-0.0459893
3.25	3	3.5	0.921749	0.0111763	-0.0111763	0.04608745	-0.04608745
3.75	3.5	4	0.882814	0.0161292	-0.0161292	0.0441407	-0.0441407
							
#: $p_T$			Au+Au $K^-/K^+$ $10-20\%$ centrality				
$p_T$	$p_T$ LOW	$p_T$ HIGH	Ratio of Yields	Stat error +	Stat error -	Sys error +	Sys error -
0.55	0.5	0.6	0.973891	0.0311709	-0.0311709	0.04869455	-0.04869455
0.65	0.6	0.7	0.939594	0.0263043	-0.0263043	0.0469797	-0.0469797
0.75	0.7	0.8	0.980033	0.0253711	-0.0253711	0.04900165	-0.04900165
0.85	0.8	0.9	0.994913	0.0250934	-0.0250934	0.04974565	-0.04974565
0.95	0.9	1	0.94932	0.0229257	-0.0229257	0.047466	-0.047466
1.05	1	1.1	0.943691	0.0208396	-0.0208396	0.04718455	-0.04718455
1.15	1.1	1.2	0.918442	0.0194119	-0.0194119	0.0459221	-0.0459221
1.25	1.2	1.3	0.956535	0.0195601	-0.0195601	0.04782675	-0.04782675
1.35	1.3	1.4	0.936248	0.0187518	-0.0187518	0.0468124	-0.0468124
1.45	1.4	1.5	0.912597	0.0179105	-0.0179105	0.04562985	-0.04562985
1.55	1.5	1.6	0.940656	0.0180224	-0.0180224	0.0470328	-0.0470328
1.65	1.6	1.7	0.941492	0.0176524	-0.0176524	0.0470746	-0.0470746
1.75	1.7	1.8	0.940934	0.0174757	-0.0174757	0.0470467	-0.0470467
1.85	1.8	1.9	0.91681	0.0167921	-0.0167921	0.0458405	-0.0458405
1.95	1.9	2	0.957971	0.0175267	-0.0175267	0.04789855	-0.04789855
2.1	2	2.2	0.93374	0.0119754	-0.0119754	0.046687	-0.046687
2.3	2.2	2.4	0.95708	0.0121979	-0.0121979	0.047854	-0.047854
2.5	2.4	2.6	0.919435	0.012074	-0.012074	0.04597175	-0.04597175
2.7	2.6	2.8	0.921813	0.0128704	-0.0128704	0.04609065	-0.04609065
2.9	2.8	3	0.903427	0.0139507	-0.0139507	0.04517135	-0.04517135
3.25	3	3.5	0.91909	0.0112732	-0.0112732	0.0459545	-0.0459545
3.75	3.5	4	0.892886	0.0166369	-0.0166369	0.0446443	-0.0446443
							
#: $p_T$			Au+Au $K^-/K^+$ $20-40\%$ centrality				
$p_T$	$p_T$ LOW	$p_T$ HIGH	Ratio of Yields	Stat error +	Stat error -	Sys error +	Sys error -
0.55	0.5	0.6	0.973258	0.0229234	-0.0229234	0.0486629	-0.0486629
0.65	0.6	0.7	0.936623	0.0193906	-0.0193906	0.04683115	-0.04683115
0.75	0.7	0.8	0.988638	0.0189381	-0.0189381	0.0494319	-0.0494319
0.85	0.8	0.9	0.984769	0.0184538	-0.0184538	0.04923845	-0.04923845
0.95	0.9	1	0.945606	0.0170716	-0.0170716	0.0472803	-0.0472803
1.05	1	1.1	0.948069	0.0151744	-0.0151744	0.04740345	-0.04740345
1.15	1.1	1.2	0.923011	0.0141511	-0.0141511	0.04615055	-0.04615055
1.25	1.2	1.3	0.960207	0.0142462	-0.0142462	0.04801035	-0.04801035
1.35	1.3	1.4	0.940371	0.0136758	-0.0136758	0.04701855	-0.04701855
1.45	1.4	1.5	0.912946	0.0130166	-0.0130166	0.0456473	-0.0456473
1.55	1.5	1.6	0.939861	0.0130902	-0.0130902	0.04699305	-0.04699305
1.65	1.6	1.7	0.939336	0.0128011	-0.0128011	0.0469668	-0.0469668
1.75	1.7	1.8	0.93559	0.0126507	-0.0126507	0.0467795	-0.0467795
1.85	1.8	1.9	0.917046	0.0122401	-0.0122401	0.0458523	-0.0458523
1.95	1.9	2	0.954661	0.0127393	-0.0127393	0.04773305	-0.04773305
2.1	2	2.2	0.934879	0.00875542	-0.00875542	0.04674395	-0.04674395
2.3	2.2	2.4	0.963791	0.00898801	-0.00898801	0.04818955	-0.04818955
2.5	2.4	2.6	0.915172	0.00884793	-0.00884793	0.0457586	-0.0457586
2.7	2.6	2.8	0.910917	0.00941835	-0.00941835	0.04554585	-0.04554585
2.9	2.8	3	0.910496	0.0104896	-0.0104896	0.0455248	-0.0455248
3.25	3	3.5	0.914755	0.00848258	-0.00848258	0.04573775	-0.04573775
3.75	3.5	4	0.871259	0.0126446	-0.0126446	0.04356295	-0.04356295
							
#: $p_T$			Au+Au $K^-/K^+$ $40-60\%$ centrality				
$p_T$	$p_T$ LOW	$p_T$ HIGH	Ratio of Yields	Stat error +	Stat error -	Sys error +	Sys error -
0.55	0.5	0.6	0.976806	0.0248779	-0.0248779	0.0488403	-0.0488403
0.65	0.6	0.7	0.953981	0.021461	-0.021461	0.04769905	-0.04769905
0.75	0.7	0.8	1.01423	0.0214933	-0.0214933	0.0507115	-0.0507115
0.85	0.8	0.9	1.0003	0.0209909	-0.0209909	0.050015	-0.050015
0.95	0.9	1	0.960987	0.0198	-0.0198	0.04804935	-0.04804935
1.05	1	1.1	0.949399	0.0155502	-0.0155502	0.04746995	-0.04746995
1.15	1.1	1.2	0.926142	0.0145456	-0.0145456	0.0463071	-0.0463071
1.25	1.2	1.3	0.963955	0.014678	-0.014678	0.04819775	-0.04819775
1.35	1.3	1.4	0.942522	0.0140958	-0.0140958	0.0471261	-0.0471261
1.45	1.4	1.5	0.916246	0.0134671	-0.0134671	0.0458123	-0.0458123
1.55	1.5	1.6	0.940456	0.013524	-0.013524	0.0470228	-0.0470228
1.65	1.6	1.7	0.942595	0.0133144	-0.0133144	0.04712975	-0.04712975
1.75	1.7	1.8	0.93629	0.0131439	-0.0131439	0.0468145	-0.0468145
1.85	1.8	1.9	0.918367	0.0127981	-0.0127981	0.04591835	-0.04591835
1.95	1.9	2	0.95218	0.0133182	-0.0133182	0.047609	-0.047609
2.1	2	2.2	0.937937	0.00928505	-0.00928505	0.04689685	-0.04689685
2.3	2.2	2.4	0.948899	0.0094863	-0.0094863	0.04744495	-0.04744495
2.5	2.4	2.6	0.906675	0.00959633	-0.00959633	0.04533375	-0.04533375
2.7	2.6	2.8	0.910888	0.0105923	-0.0105923	0.0455444	-0.0455444
2.9	2.8	3	0.9015	0.0120563	-0.0120563	0.045075	-0.045075
3.25	3	3.5	0.932223	0.0105291	-0.0105291	0.04661115	-0.04661115
3.75	3.5	4	0.890648	0.0167221	-0.0167221	0.0445324	-0.0445324
							
#: $p_T$			Au+Au $K^-/K^+$ $60-92\%$ centrality				
$p_T$	$p_T$ LOW	$p_T$ HIGH	Ratio of Yields	Stat error +	Stat error -	Sys error +	Sys error -
0.55	0.5	0.6	0.96597	0.0285417	-0.0285417	0.0482985	-0.0482985
0.65	0.6	0.7	0.993786	0.0264436	-0.0264436	0.0496893	-0.0496893
0.75	0.7	0.8	1.01392	0.0265665	-0.0265665	0.050696	-0.050696
0.85	0.8	0.9	1.0085	0.0272753	-0.0272753	0.050425	-0.050425
0.95	0.9	1	0.95296	0.026543	-0.026543	0.047648	-0.047648
1.05	1	1.1	0.950678	0.0151153	-0.0151153	0.0475339	-0.0475339
1.15	1.1	1.2	0.920039	0.0141021	-0.0141021	0.04600195	-0.04600195
1.25	1.2	1.3	0.963395	0.0144254	-0.0144254	0.04816975	-0.04816975
1.35	1.3	1.4	0.94517	0.013974	-0.013974	0.0472585	-0.0472585
1.45	1.4	1.5	0.90928	0.0133573	-0.0133573	0.045464	-0.045464
1.55	1.5	1.6	0.953442	0.0138383	-0.0138383	0.0476721	-0.0476721
1.65	1.6	1.7	0.936749	0.013549	-0.013549	0.04683745	-0.04683745
1.75	1.7	1.8	0.933838	0.0136314	-0.0136314	0.0466919	-0.0466919
1.85	1.8	1.9	0.918509	0.0135175	-0.0135175	0.04592545	-0.04592545
1.95	1.9	2	0.957979	0.0144387	-0.0144387	0.04789895	-0.04789895
2.1	2	2.2	0.924895	0.0101395	-0.0101395	0.04624475	-0.04624475
2.3	2.2	2.4	0.968454	0.0112284	-0.0112284	0.0484227	-0.0484227
2.5	2.4	2.6	0.91607	0.0118948	-0.0118948	0.0458035	-0.0458035
2.7	2.6	2.8	0.925649	0.0141273	-0.0141273	0.04628245	-0.04628245
2.9	2.8	3	0.93833	0.0173433	-0.0173433	0.0469165	-0.0469165
3.25	3	3.5	0.917566	0.0154685	-0.0154685	0.0458783	-0.0458783
3.75	3.5	4	0.858135	0.0258917	-0.0258917	0.04290675	-0.04290675
