Transverse Momentum $p_T$ [GeV/c]	$p\bar{p}$ $v_2$ in centrality 0-10%	stat +	stat -	pT uncor. sys +	pT uncor. sys -	pT cor. sys +	pT cor. sys -
0.52	0.000728	0.0004	-0.0004	6.00E-06	-6.00E-06	0.005	-0.005
0.7	0.00566	0.0003	-0.0003	5.00E-05	-5.00E-05	0.005	-0.005
0.9	0.01363	0.00027	-0.00027	0.00011	-0.00011	0.005	-0.005
1.1	0.02503	0.00027	-0.00027	0.0002	-0.0002	0.005	-0.005
1.3	0.03708	0.00031	-0.00031	0.0003	-0.0003	0.005	-0.005
1.5	0.0489	0.0004	-0.0004	0.0004	-0.0004	0.006	-0.006
1.69	0.0608	0.0004	-0.0004	0.0005	-0.0005	0.006	-0.006
1.89	0.0697	0.0005	-0.0005	0.0006	-0.0006	0.006	-0.006
2.09	0.0773	0.0007	-0.0007	0.0006	-0.0006	0.006	-0.006
2.29	0.0843	0.0009	-0.0009	0.0007	-0.0007	0.006	-0.006
2.49	0.0917	0.0011	-0.0011	0.0007	-0.0007	0.007	-0.007
2.69	0.0955	0.0014	-0.0014	0.0008	-0.0008	0.007	-0.007
2.89	0.0988	0.0018	-0.0018	0.0008	-0.0008	0.007	-0.007
3.2	0.0941	0.0027	-0.0027	0.0008	-0.0008	0.007	-0.007
3.7	0.1076	0.005	-0.005	0.0009	-0.0009	0.007	-0.007
							
Transverse Momentum $p_T$ [GeV/c]	$p\bar{p}$ $v_3$ in centrality 0-10%	stat +	stat -	pT uncor. sys +	pT uncor. sys -	pT cor. sys +	pT cor. sys -
0.52	-0.002139	0.0007	-0.0007	2.20E-05	-2.20E-05	0.0012	-0.0012
0.7	-0.000613	0.0005	-0.0005	6.00E-06	-6.00E-06	0.0012	-0.0012
0.9	0.00583	0.0005	-0.0005	6.00E-05	-6.00E-05	0.0012	-0.0012
1.1	0.01445	0.0005	-0.0005	0.00015	-0.00015	0.0014	-0.0014
1.3	0.02377	0.0005	-0.0005	0.00025	-0.00025	0.0016	-0.0016
1.5	0.0362	0.0006	-0.0006	0.0004	-0.0004	0.0021	-0.0021
1.69	0.0471	0.0008	-0.0008	0.0005	-0.0005	0.0025	-0.0025
1.89	0.059	0.001	-0.001	0.0006	-0.0006	0.003	-0.003
2.09	0.067	0.0012	-0.0012	0.0007	-0.0007	0.0034	-0.0034
2.29	0.0764	0.0015	-0.0015	0.0008	-0.0008	0.004	-0.004
2.49	0.0861	0.002	-0.002	0.0009	-0.0009	0.004	-0.004
2.69	0.0873	0.0025	-0.0025	0.0009	-0.0009	0.004	-0.004
2.89	0.0943	0.0032	-0.0032	0.001	-0.001	0.005	-0.005
3.2	0.1046	0.005	-0.005	0.0011	-0.0011	0.005	-0.005
3.7	0.1066	0.009	-0.009	0.0011	-0.0011	0.005	-0.005
							
Transverse Momentum $p_T$ [GeV/c]	$p\bar{p}$ $v_4$ in centrality 0-10%	stat +	stat -	pT uncor. sys +	pT uncor. sys -	pT cor. sys +	pT cor. sys -
0.52	0.000489	0.0018	-0.0018	2.60E-05	-2.60E-05	0.0012	-0.0012
0.7	-0.00201	0.0013	-0.0013	0.00011	-0.00011	0.0014	-0.0014
0.9	0.00169	0.0011	-0.0011	9.00E-05	-9.00E-05	0.0013	-0.0013
1.1	0.0075	0.0012	-0.0012	0.0004	-0.0004	0.002	-0.002
1.3	0.0155	0.0013	-0.0013	0.0008	-0.0008	0.0032	-0.0032
1.5	0.0241	0.0015	-0.0015	0.0013	-0.0013	0.004	-0.004
1.69	0.0347	0.0019	-0.0019	0.0018	-0.0018	0.006	-0.006
1.89	0.0419	0.0023	-0.0023	0.0022	-0.0022	0.007	-0.007
2.09	0.0483	0.0029	-0.0029	0.0025	-0.0025	0.008	-0.008
2.29	0.0588	0.004	-0.004	0.0031	-0.0031	0.009	-0.009
2.49	0.0672	0.005	-0.005	0.0035	-0.0035	0.011	-0.011
2.69	0.068	0.006	-0.006	0.004	-0.004	0.011	-0.011
2.89	0.069	0.008	-0.008	0.004	-0.004	0.011	-0.011
3.2	0.084	0.012	-0.012	0.004	-0.004	0.013	-0.013
3.7	0.102	0.022	-0.022	0.005	-0.005	0.016	-0.016


Transverse Momentum $p_T$ [GeV/c]	$p\bar{p}$ $v_2$ in centrality 10-20%	stat +	stat -	pT uncor. sys +	pT uncor. sys -	pT cor. sys +	pT cor. sys -
0.52	0.00677	0.0004	-0.0004	5.00E-05	-5.00E-05	0.005	-0.005
0.7	0.01606	0.00026	-0.00026	0.00013	-0.00013	0.005	-0.005
0.9	0.03165	0.00023	-0.00023	0.00025	-0.00025	0.005	-0.005
1.1	0.05123	0.00024	-0.00024	0.0004	-0.0004	0.006	-0.006
1.3	0.07158	0.00027	-0.00027	0.0006	-0.0006	0.006	-0.006
1.5	0.09239	0.00032	-0.00032	0.0007	-0.0007	0.006	-0.006
1.69	0.1109	0.0004	-0.0004	0.0009	-0.0009	0.006	-0.006
1.89	0.1271	0.0005	-0.0005	0.001	-0.001	0.007	-0.007
2.09	0.1416	0.0006	-0.0006	0.0011	-0.0011	0.007	-0.007
2.29	0.1522	0.0008	-0.0008	0.0012	-0.0012	0.007	-0.007
2.49	0.1627	0.001	-0.001	0.0013	-0.0013	0.007	-0.007
2.69	0.1709	0.0012	-0.0012	0.0014	-0.0014	0.008	-0.008
2.89	0.1749	0.0016	-0.0016	0.0014	-0.0014	0.008	-0.008
3.2	0.1763	0.0023	-0.0023	0.0014	-0.0014	0.008	-0.008
3.7	0.1748	0.004	-0.004	0.0014	-0.0014	0.008	-0.008
							
Transverse Momentum $p_T$ [GeV/c]	$p\bar{p}$ $v_3$ in centrality 10-20%	stat +	stat -	pT uncor. sys +	pT uncor. sys -	pT cor. sys +	pT cor. sys -
0.52	0.000322	0.0009	-0.0009	4.00E-06	-4.00E-06	0.0008	-0.0008
0.7	0.00328	0.0006	-0.0006	4.00E-05	-4.00E-05	0.0008	-0.0008
0.9	0.01054	0.0005	-0.0005	0.00013	-0.00013	0.001	-0.001
1.1	0.02038	0.0006	-0.0006	0.00024	-0.00024	0.0015	-0.0015
1.3	0.0313	0.0006	-0.0006	0.0004	-0.0004	0.002	-0.002
1.5	0.0446	0.0007	-0.0007	0.0005	-0.0005	0.0028	-0.0028
1.69	0.0579	0.0009	-0.0009	0.0007	-0.0007	0.004	-0.004
1.89	0.0709	0.0011	-0.0011	0.0009	-0.0009	0.004	-0.004
2.09	0.0794	0.0014	-0.0014	0.001	-0.001	0.005	-0.005
2.29	0.0932	0.0018	-0.0018	0.0011	-0.0011	0.006	-0.006
2.49	0.0975	0.0022	-0.0022	0.0012	-0.0012	0.006	-0.006
2.69	0.1035	0.0028	-0.0028	0.0012	-0.0012	0.006	-0.006
2.89	0.1118	0.004	-0.004	0.0013	-0.0013	0.007	-0.007
3.2	0.1202	0.005	-0.005	0.0014	-0.0014	0.007	-0.007
3.7	0.1149	0.01	-0.01	0.0014	-0.0014	0.007	-0.007
							
Transverse Momentum $p_T$ [GeV/c]	$p\bar{p}$ $v_4$ in centrality 10-20%	stat +	stat -	pT uncor. sys +	pT uncor. sys -	pT cor. sys +	pT cor. sys -
0.52	-0.000765	0.0022	-0.0022	2.20E-05	-2.20E-05	0.0023	-0.0023
0.7	0.00392	0.0015	-0.0015	0.00012	-0.00012	0.0031	-0.0031
0.9	0.00715	0.0014	-0.0014	0.00021	-0.00021	0.004	-0.004
1.1	0.0129	0.0014	-0.0014	0.0004	-0.0004	0.006	-0.006
1.3	0.0258	0.0016	-0.0016	0.0008	-0.0008	0.009	-0.009
1.5	0.0347	0.0019	-0.0019	0.001	-0.001	0.011	-0.011
1.69	0.0499	0.0023	-0.0023	0.0015	-0.0015	0.015	-0.015
1.89	0.057	0.0028	-0.0028	0.0017	-0.0017	0.015	-0.015
2.09	0.0732	0.004	-0.004	0.0022	-0.0022	0.019	-0.019
2.29	0.0794	0.005	-0.005	0.0023	-0.0023	0.019	-0.019
2.49	0.0895	0.006	-0.006	0.0026	-0.0026	0.021	-0.021
2.69	0.093	0.007	-0.007	0.0027	-0.0027	0.021	-0.021
2.89	0.1005	0.009	-0.009	0.003	-0.003	0.022	-0.022
3.2	0.0835	0.014	-0.014	0.0025	-0.0025	0.018	-0.018
3.7	0.131	0.025	-0.025	0.004	-0.004	0.027	-0.027
							
Transverse Momentum $p_T$ [GeV/c]	$p\bar{p}$ $v_2$ in centrality 20-30%	stat +	stat -	"pT	uncor.	sys +"	"pT	uncor.	sys -"	"pT	cor.	sys +"	"pT	cor.	sys -"
0.52	0.0146	0.0004	-0.0004	7.00E-05	-7.00E-05	0.0019	-0.0019
0.7	0.02874	0.00029	-0.00029	0.00015	-0.00015	0.002	-0.002
0.9	0.05019	0.00026	-0.00026	0.00026	-0.00026	0.0023	-0.0023
1.1	0.07657	0.00027	-0.00027	0.0004	-0.0004	0.0028	-0.0028
1.3	0.1029	0.0003	-0.0003	0.0005	-0.0005	0.0034	-0.0034
1.5	0.1284	0.0004	-0.0004	0.0007	-0.0007	0.004	-0.004
1.69	0.1514	0.0004	-0.0004	0.0008	-0.0008	0.005	-0.005
1.89	0.1723	0.0005	-0.0005	0.0009	-0.0009	0.005	-0.005
2.09	0.1893	0.0007	-0.0007	0.001	-0.001	0.006	-0.006
2.29	0.2029	0.0009	-0.0009	0.001	-0.001	0.006	-0.006
2.49	0.214	0.0011	-0.0011	0.0011	-0.0011	0.006	-0.006
2.69	0.2227	0.0014	-0.0014	0.0011	-0.0011	0.006	-0.006
2.89	0.2313	0.0017	-0.0017	0.0012	-0.0012	0.007	-0.007
3.2	0.23	0.0024	-0.0024	0.0012	-0.0012	0.007	-0.007
3.71	0.2266	0.004	-0.004	0.0012	-0.0012	0.007	-0.007
							
Transverse Momentum $p_T$ [GeV/c]	$p\bar{p}$ $v_3$ in centrality 20-30%	stat +	stat -	"pT	uncor.	sys +"	"pT	uncor.	sys -"	"pT	cor.	sys +"	"pT	cor.	sys -"
0.52	0.00361	0.0011	-0.0011	6.00E-05	-6.00E-05	0.0012	-0.0012
0.7	0.00683	0.0008	-0.0008	0.0001	-0.0001	0.0013	-0.0013
0.9	0.01413	0.0007	-0.0007	0.00022	-0.00022	0.0017	-0.0017
1.1	0.027	0.0007	-0.0007	0.0004	-0.0004	0.0027	-0.0027
1.3	0.0389	0.0008	-0.0008	0.0006	-0.0006	0.004	-0.004
1.5	0.0524	0.001	-0.001	0.0008	-0.0008	0.005	-0.005
1.69	0.0652	0.0012	-0.0012	0.001	-0.001	0.006	-0.006
1.89	0.0786	0.0015	-0.0015	0.0012	-0.0012	0.007	-0.007
2.09	0.0891	0.0018	-0.0018	0.0014	-0.0014	0.008	-0.008
2.29	0.1023	0.0023	-0.0023	0.0016	-0.0016	0.009	-0.009
2.49	0.1065	0.003	-0.003	0.0016	-0.0016	0.01	-0.01
2.69	0.1184	0.004	-0.004	0.0018	-0.0018	0.011	-0.011
2.89	0.1286	0.005	-0.005	0.002	-0.002	0.012	-0.012
3.2	0.131	0.007	-0.007	0.002	-0.002	0.012	-0.012
3.71	0.1398	0.012	-0.012	0.0021	-0.0021	0.013	-0.013
							
Transverse Momentum $p_T$ [GeV/c]	$p\bar{p}$ $v_4$ in centrality 20-30%	stat +	stat -	"pT	uncor.	sys +"	"pT	uncor.	sys -"	"pT	cor.	sys +"	"pT	cor.	sys -"
0.52	0.0023	0.0029	-0.0029	8.00E-05	-8.00E-05	0.0031	-0.0031
0.7	0.00373	0.002	-0.002	0.00014	-0.00014	0.0035	-0.0035
0.9	0.0117	0.0018	-0.0018	0.0004	-0.0004	0.007	-0.007
1.1	0.0208	0.0019	-0.0019	0.0008	-0.0008	0.01	-0.01
1.3	0.034	0.0021	-0.0021	0.0012	-0.0012	0.015	-0.015
1.5	0.0474	0.0025	-0.0025	0.0017	-0.0017	0.019	-0.019
1.69	0.0618	0.0031	-0.0031	0.0023	-0.0023	0.023	-0.023
1.89	0.0736	0.004	-0.004	0.0027	-0.0027	0.026	-0.026
2.09	0.0909	0.005	-0.005	0.0033	-0.0033	0.031	-0.031
2.29	0.0928	0.006	-0.006	0.0034	-0.0034	0.03	-0.03
2.49	0.116	0.008	-0.008	0.004	-0.004	0.04	-0.04
2.69	0.126	0.01	-0.01	0.005	-0.005	0.04	-0.04
2.89	0.115	0.013	-0.013	0.004	-0.004	0.04	-0.04
3.2	0.117	0.018	-0.018	0.004	-0.004	0.04	-0.04
3.71	0.153	0.032	-0.032	0.006	-0.006	0.05	-0.05

Transverse Momentum $p_T$ [GeV/c]	$p\bar{p}$ $v_2$ in centrality 30-40%	stat +	stat -	pT uncor. sys +	pT uncor. sys -	pT cor. sys +	pT cor. sys -
0.52	0.02302	0.0005	-0.0005	0.0001	-0.0001	0.0018	-0.0018
0.7	0.04164	0.00035	-0.00035	0.00017	-0.00017	0.0021	-0.0021
0.9	0.06744	0.00032	-0.00032	0.00028	-0.00028	0.0026	-0.0026
1.1	0.09685	0.00034	-0.00034	0.0004	-0.0004	0.0033	-0.0033
1.3	0.1274	0.0004	-0.0004	0.0005	-0.0005	0.004	-0.004
1.49	0.1557	0.0005	-0.0005	0.0007	-0.0007	0.005	-0.005
1.69	0.1809	0.0006	-0.0006	0.0008	-0.0008	0.005	-0.005
1.89	0.2026	0.0007	-0.0007	0.0008	-0.0008	0.006	-0.006
2.09	0.2198	0.0009	-0.0009	0.0009	-0.0009	0.007	-0.007
2.29	0.2351	0.0011	-0.0011	0.001	-0.001	0.007	-0.007
2.49	0.2459	0.0014	-0.0014	0.001	-0.001	0.007	-0.007
2.69	0.2577	0.0018	-0.0018	0.0011	-0.0011	0.008	-0.008
2.89	0.2633	0.0022	-0.0022	0.0011	-0.0011	0.008	-0.008
3.2	0.2642	0.0031	-0.0031	0.0011	-0.0011	0.008	-0.008
3.71	0.2689	0.005	-0.005	0.0011	-0.0011	0.008	-0.008
							
Transverse Momentum $p_T$ [GeV/c]	$p\bar{p}$ $v_3$ in centrality 30-40%	stat +	stat -	pT uncor. sys +	pT uncor. sys -	pT cor. sys +	pT cor. sys -
0.52	0.00729	0.0016	-0.0016	0.00015	-0.00015	0.0019	-0.0019
0.7	0.00936	0.0011	-0.0011	0.00019	-0.00019	0.002	-0.002
0.9	0.0184	0.001	-0.001	0.0004	-0.0004	0.0026	-0.0026
1.1	0.0303	0.001	-0.001	0.0006	-0.0006	0.004	-0.004
1.3	0.0457	0.0012	-0.0012	0.0009	-0.0009	0.005	-0.005
1.49	0.0547	0.0014	-0.0014	0.0011	-0.0011	0.006	-0.006
1.69	0.0719	0.0017	-0.0017	0.0015	-0.0015	0.008	-0.008
1.89	0.0838	0.0022	-0.0022	0.0017	-0.0017	0.009	-0.009
2.09	0.097	0.0027	-0.0027	0.002	-0.002	0.011	-0.011
2.29	0.0993	0.0035	-0.0035	0.002	-0.002	0.011	-0.011
2.49	0.1136	0.004	-0.004	0.0023	-0.0023	0.012	-0.012
2.69	0.1186	0.006	-0.006	0.0024	-0.0024	0.013	-0.013
2.89	0.1151	0.007	-0.007	0.0023	-0.0023	0.013	-0.013
3.2	0.1371	0.01	-0.01	0.0028	-0.0028	0.015	-0.015
3.71	0.1232	0.017	-0.017	0.0025	-0.0025	0.013	-0.013
							
Transverse Momentum $p_T$ [GeV/c]	$p\bar{p}$ $v_4$ in centrality 30-40%	stat +	stat -	pT uncor. sys +	pT uncor. sys -	pT cor. sys +	pT cor. sys -
0.52	0.00311	0.004	-0.004	0.00013	-0.00013	0.0034	-0.0034
0.7	0.00478	0.003	-0.003	0.0002	-0.0002	0.004	-0.004
0.9	0.0152	0.0028	-0.0028	0.0006	-0.0006	0.008	-0.008
1.1	0.0303	0.0029	-0.0029	0.0013	-0.0013	0.015	-0.015
1.3	0.0406	0.0033	-0.0033	0.0017	-0.0017	0.018	-0.018
1.49	0.0581	0.004	-0.004	0.0025	-0.0025	0.024	-0.024
1.69	0.0695	0.005	-0.005	0.003	-0.003	0.027	-0.027
1.89	0.07	0.006	-0.006	0.003	-0.003	0.026	-0.026
2.09	0.097	0.008	-0.008	0.004	-0.004	0.034	-0.034
2.29	0.106	0.01	-0.01	0.005	-0.005	0.04	-0.04
2.49	0.124	0.012	-0.012	0.005	-0.005	0.04	-0.04
2.69	0.126	0.015	-0.015	0.005	-0.005	0.04	-0.04
2.89	0.147	0.02	-0.02	0.006	-0.006	0.05	-0.05
3.2	0.15	0.027	-0.027	0.006	-0.006	0.05	-0.05
3.71	0.123	0.05	-0.05	0.005	-0.005	0.04	-0.04

Transverse Momentum $p_T$ [GeV/c]	$p\bar{p}$ $v_2$ in centrality 40-50%	stat +	stat -	"pT	uncor.	sys +"	"pT	uncor.	sys -"	"pT	cor.	sys +"	"pT	cor.	sys -"
0.52	0.03132	0.0007	-0.0007	0.00017	-0.00017	0.0016	-0.0016
0.7	0.05335	0.0005	-0.0005	0.00028	-0.00028	0.0021	-0.0021
0.9	0.0822	0.0004	-0.0004	0.0004	-0.0004	0.0028	-0.0028
1.1	0.1135	0.0005	-0.0005	0.0006	-0.0006	0.004	-0.004
1.3	0.1456	0.0005	-0.0005	0.0008	-0.0008	0.005	-0.005
1.49	0.1742	0.0007	-0.0007	0.0009	-0.0009	0.006	-0.006
1.69	0.199	0.0008	-0.0008	0.0011	-0.0011	0.006	-0.006
1.89	0.2208	0.001	-0.001	0.0012	-0.0012	0.007	-0.007
2.09	0.2413	0.0013	-0.0013	0.0013	-0.0013	0.008	-0.008
2.29	0.2524	0.0017	-0.0017	0.0013	-0.0013	0.008	-0.008
2.49	0.2626	0.0021	-0.0021	0.0014	-0.0014	0.008	-0.008
2.69	0.2686	0.0026	-0.0026	0.0014	-0.0014	0.008	-0.008
2.89	0.2806	0.0033	-0.0033	0.0015	-0.0015	0.009	-0.009
3.2	0.2751	0.004	-0.004	0.0015	-0.0015	0.009	-0.009
3.71	0.2857	0.008	-0.008	0.0015	-0.0015	0.009	-0.009
							
Transverse Momentum $p_T$ [GeV/c]	$p\bar{p}$ $v_3$ in centrality 40-50%	stat +	stat -	"pT	uncor.	sys +"	"pT	uncor.	sys -"	"pT	cor.	sys +"	"pT	cor.	sys -"
0.52	0.00519	0.0024	-0.0024	0.00018	-0.00018	0.0024	-0.0024
0.7	0.0132	0.0017	-0.0017	0.0005	-0.0005	0.0031	-0.0031
0.9	0.0204	0.0016	-0.0016	0.0007	-0.0007	0.004	-0.004
1.1	0.0363	0.0017	-0.0017	0.0013	-0.0013	0.006	-0.006
1.3	0.0501	0.0019	-0.0019	0.0017	-0.0017	0.008	-0.008
1.49	0.0625	0.0023	-0.0023	0.0022	-0.0022	0.01	-0.01
1.69	0.0705	0.0029	-0.0029	0.0024	-0.0024	0.011	-0.011
1.89	0.089	0.004	-0.004	0.0031	-0.0031	0.014	-0.014
2.09	0.0953	0.005	-0.005	0.0033	-0.0033	0.015	-0.015
2.29	0.0989	0.006	-0.006	0.0034	-0.0034	0.016	-0.016
2.49	0.11	0.007	-0.007	0.004	-0.004	0.017	-0.017
2.69	0.12	0.009	-0.009	0.004	-0.004	0.019	-0.019
2.89	0.112	0.012	-0.012	0.004	-0.004	0.018	-0.018
3.2	0.125	0.016	-0.016	0.004	-0.004	0.02	-0.02
3.71	0.117	0.028	-0.028	0.004	-0.004	0.019	-0.019
							
Transverse Momentum $p_T$ [GeV/c]	$p\bar{p}$ $v_4$ in centrality 40-50%	stat +	stat -	"pT	uncor.	sys +"	"pT	uncor.	sys -"	"pT	cor.	sys +"	"pT	cor.	sys -"
0.52	0.0105	0.009	-0.009	0.0012	-0.0012	0.009	-0.009
0.7	0.0169	0.006	-0.006	0.0019	-0.0019	0.01	-0.01
0.9	0.0242	0.006	-0.006	0.0027	-0.0027	0.012	-0.012
1.1	0.039	0.006	-0.006	0.004	-0.004	0.016	-0.016
1.3	0.051	0.007	-0.007	0.006	-0.006	0.019	-0.019
1.49	0.074	0.009	-0.009	0.008	-0.008	0.026	-0.026
1.69	0.087	0.011	-0.011	0.01	-0.01	0.029	-0.029
1.89	0.105	0.014	-0.014	0.012	-0.012	0.034	-0.034
2.09	0.11	0.017	-0.017	0.012	-0.012	0.035	-0.035
2.29	0.122	0.022	-0.022	0.014	-0.014	0.04	-0.04
2.49	0.146	0.028	-0.028	0.016	-0.016	0.05	-0.05
2.69	0.139	0.035	-0.035	0.016	-0.016	0.04	-0.04
2.89	0.181	0.04	-0.04	0.02	-0.02	0.06	-0.06
3.2	0.136	0.06	-0.06	0.015	-0.015	0.04	-0.04
3.71	0.227	0.11	-0.11	0.026	-0.026	0.07	-0.07

Transverse Momentum $p_T$ [GeV/c]	$p\bar{p}$ $v_2$ in centrality 50-60%	stat +	stat -	"pT	uncor.	sys +"	"pT	uncor.	sys -"	"pT	cor.	sys +"	"pT	cor.	sys -"
0.52	0.03597	0.0011	-0.0011	0.00017	-0.00017	0.0016	-0.0016
0.7	0.0606	0.0008	-0.0008	0.00029	-0.00029	0.0024	-0.0024
0.9	0.0914	0.0007	-0.0007	0.0004	-0.0004	0.0034	-0.0034
1.1	0.1246	0.0008	-0.0008	0.0006	-0.0006	0.005	-0.005
1.3	0.156	0.0009	-0.0009	0.0008	-0.0008	0.006	-0.006
1.49	0.183	0.0011	-0.0011	0.0009	-0.0009	0.007	-0.007
1.69	0.2083	0.0014	-0.0014	0.001	-0.001	0.008	-0.008
1.89	0.2256	0.0018	-0.0018	0.0011	-0.0011	0.008	-0.008
2.09	0.2425	0.0023	-0.0023	0.0012	-0.0012	0.009	-0.009
2.29	0.2602	0.0029	-0.0029	0.0013	-0.0013	0.009	-0.009
2.49	0.267	0.004	-0.004	0.0013	-0.0013	0.01	-0.01
2.69	0.2721	0.005	-0.005	0.0013	-0.0013	0.01	-0.01
2.89	0.2717	0.006	-0.006	0.0013	-0.0013	0.01	-0.01
3.2	0.2769	0.008	-0.008	0.0013	-0.0013	0.01	-0.01
3.71	0.2797	0.014	-0.014	0.0013	-0.0013	0.01	-0.01
							
Transverse Momentum $p_T$ [GeV/c]	$p\bar{p}$ $v_3$ in centrality 50-60%	stat +	stat -	"pT	uncor.	sys +"	"pT	uncor.	sys -"	"pT	cor.	sys +"	"pT	cor.	sys -"
0.52	0.0084	0.004	-0.004	0.0005	-0.0005	0.006	-0.006
0.7	0.0125	0.0028	-0.0028	0.0007	-0.0007	0.006	-0.006
0.9	0.0199	0.0027	-0.0027	0.0011	-0.0011	0.007	-0.007
1.1	0.0353	0.003	-0.003	0.0019	-0.0019	0.01	-0.01
1.3	0.0462	0.0035	-0.0035	0.0025	-0.0025	0.013	-0.013
1.49	0.0472	0.004	-0.004	0.0026	-0.0026	0.013	-0.013
1.69	0.0613	0.005	-0.005	0.0034	-0.0034	0.016	-0.016
1.89	0.09	0.007	-0.007	0.005	-0.005	0.023	-0.023
2.09	0.073	0.009	-0.009	0.004	-0.004	0.019	-0.019
2.29	0.092	0.011	-0.011	0.005	-0.005	0.024	-0.024
2.49	0.106	0.014	-0.014	0.006	-0.006	0.027	-0.027
2.69	0.107	0.018	-0.018	0.006	-0.006	0.027	-0.027
2.89	0.1	0.022	-0.022	0.005	-0.005	0.026	-0.026
3.2	0.091	0.03	-0.03	0.005	-0.005	0.023	-0.023
3.71	0.014	0.05	-0.05	0.0008	-0.0008	0.006	-0.006

