#: $p_T$			Au+Au $\bar{p}^-/p$ $0-10\%$ centrality				
$p_T$	$p_T$ LOW	$p_T$ HIGH	Ratio of Yields	Stat error +	Stat error -	Sys error +	Sys error -
0.55	0.5	0.6	0.741988	0.0204282	-0.0204282	0.0370994	-0.0370994
0.65	0.6	0.7	0.772682	0.0178809	-0.0178809	0.0386341	-0.0386341
0.75	0.7	0.8	0.774945	0.0164412	-0.0164412	0.03874725	-0.03874725
0.85	0.8	0.9	0.742494	0.01494	-0.01494	0.0371247	-0.0371247
0.95	0.9	1	0.750203	0.0145966	-0.0145966	0.03751015	-0.03751015
1.05	1	1.1	0.731537	0.0127446	-0.0127446	0.03657685	-0.03657685
1.15	1.1	1.2	0.74482	0.0129001	-0.0129001	0.037241	-0.037241
1.25	1.2	1.3	0.71424	0.0120703	-0.0120703	0.035712	-0.035712
1.35	1.3	1.4	0.724457	0.0121626	-0.0121626	0.03622285	-0.03622285
1.45	1.4	1.5	0.717301	0.0120157	-0.0120157	0.03586505	-0.03586505
1.55	1.5	1.6	0.716237	0.0117839	-0.0117839	0.03581185	-0.03581185
1.65	1.6	1.7	0.702044	0.0115027	-0.0115027	0.0351022	-0.0351022
1.75	1.7	1.8	0.710124	0.0115836	-0.0115836	0.0355062	-0.0355062
1.85	1.8	1.9	0.719794	0.011644	-0.011644	0.0359897	-0.0359897
1.95	1.9	2	0.708908	0.011487	-0.011487	0.0354454	-0.0354454
2.1	2	2.2	0.717419	0.00828842	-0.00828842	0.03587095	-0.03587095
2.3	2.2	2.4	0.722518	0.00830264	-0.00830264	0.0361259	-0.0361259
2.5	2.4	2.6	0.723204	0.00838272	-0.00838272	0.0361602	-0.0361602
2.7	2.6	2.8	0.71913	0.00843983	-0.00843983	0.0359565	-0.0359565
2.9	2.8	3	0.732096	0.00883542	-0.00883542	0.0366048	-0.0366048
3.25	3	3.5	0.725332	0.00620347	-0.00620347	0.0362666	-0.0362666
3.75	3.5	4	0.736997	0.00769544	-0.00769544	0.03684985	-0.03684985
4.25	4	4.5	0.751849	0.0111401	-0.0111401	0.03759245	-0.03759245
4.75	4.5	5	0.765351	0.0175152	-0.0175152	0.03826755	-0.03826755
5.25	5	5.5	0.697435	0.0471159	-0.0471159	0.03487175	-0.03487175
5.75	5.5	6	0.638559	0.0679809	-0.0679809	0.03192795	-0.03192795
							
#: $p_T$			Au+Au $\bar{p}^-/p$ $10-20\%$ centrality				
$p_T$	$p_T$ LOW	$p_T$ HIGH	Ratio of Yields	Stat error +	Stat error -	Sys error +	Sys error -
0.55	0.5	0.6	0.763314	0.0214602	-0.0214602	0.0381657	-0.0381657
0.65	0.6	0.7	0.795113	0.018726	-0.018726	0.03975565	-0.03975565
0.75	0.7	0.8	0.790091	0.0170396	-0.0170396	0.03950455	-0.03950455
0.85	0.8	0.9	0.752396	0.0153962	-0.0153962	0.0376198	-0.0376198
0.95	0.9	1	0.77112	0.0152573	-0.0152573	0.038556	-0.038556
1.05	1	1.1	0.739868	0.0129014	-0.0129014	0.0369934	-0.0369934
1.15	1.1	1.2	0.756275	0.0131071	-0.0131071	0.03781375	-0.03781375
1.25	1.2	1.3	0.720994	0.0121952	-0.0121952	0.0360497	-0.0360497
1.35	1.3	1.4	0.730459	0.0122757	-0.0122757	0.03652295	-0.03652295
1.45	1.4	1.5	0.722183	0.0121113	-0.0121113	0.03610915	-0.03610915
1.55	1.5	1.6	0.719812	0.0118563	-0.0118563	0.0359906	-0.0359906
1.65	1.6	1.7	0.707766	0.011613	-0.011613	0.0353883	-0.0353883
1.75	1.7	1.8	0.714909	0.0116809	-0.0116809	0.03574545	-0.03574545
1.85	1.8	1.9	0.722038	0.0117014	-0.0117014	0.0361019	-0.0361019
1.95	1.9	2	0.716131	0.0116305	-0.0116305	0.03580655	-0.03580655
2.1	2	2.2	0.722691	0.008372	-0.008372	0.03613455	-0.03613455
2.3	2.2	2.4	0.728452	0.00840285	-0.00840285	0.0364226	-0.0364226
2.5	2.4	2.6	0.724248	0.00844145	-0.00844145	0.0362124	-0.0362124
2.7	2.6	2.8	0.715175	0.00846989	-0.00846989	0.03575875	-0.03575875
2.9	2.8	3	0.727492	0.00889582	-0.00889582	0.0363746	-0.0363746
3.25	3	3.5	0.717143	0.0062482	-0.0062482	0.03585715	-0.03585715
3.75	3.5	4	0.724681	0.00782525	-0.00782525	0.03623405	-0.03623405
4.25	4	4.5	0.735716	0.0113006	-0.0113006	0.0367858	-0.0367858
4.75	4.5	5	0.744379	0.0178069	-0.0178069	0.03721895	-0.03721895
5.25	5	5.5	0.650226	0.045464	-0.045464	0.0325113	-0.0325113
5.75	5.5	6	0.556775	0.0620457	-0.0620457	0.02783875	-0.02783875
							
#: $p_T$			Au+Au $\bar{p}^-/p$ $20-40\%$ centrality				
$p_T$	$p_T$ LOW	$p_T$ HIGH	Ratio of Yields	Stat error +	Stat error -	Sys error +	Sys error -
0.55	0.5	0.6	0.779573	0.0164892	-0.0164892	0.03897865	-0.03897865
0.65	0.6	0.7	0.792032	0.0139203	-0.0139203	0.0396016	-0.0396016
0.75	0.7	0.8	0.801568	0.0128897	-0.0128897	0.0400784	-0.0400784
0.85	0.8	0.9	0.767707	0.0117375	-0.0117375	0.03838535	-0.03838535
0.95	0.9	1	0.769865	0.0114323	-0.0114323	0.03849325	-0.03849325
1.05	1	1.1	0.752817	0.00948713	-0.00948713	0.03764085	-0.03764085
1.15	1.1	1.2	0.766795	0.00961536	-0.00961536	0.03833975	-0.03833975
1.25	1.2	1.3	0.729628	0.00894039	-0.00894039	0.0364814	-0.0364814
1.35	1.3	1.4	0.740827	0.00902783	-0.00902783	0.03704135	-0.03704135
1.45	1.4	1.5	0.731158	0.00890419	-0.00890419	0.0365579	-0.0365579
1.55	1.5	1.6	0.728955	0.00872962	-0.00872962	0.03644775	-0.03644775
1.65	1.6	1.7	0.716103	0.00854967	-0.00854967	0.03580515	-0.03580515
1.75	1.7	1.8	0.721175	0.00859057	-0.00859057	0.03605875	-0.03605875
1.85	1.8	1.9	0.729675	0.00862948	-0.00862948	0.03648375	-0.03648375
1.95	1.9	2	0.720918	0.00856361	-0.00856361	0.0360459	-0.0360459
2.1	2	2.2	0.726077	0.0061579	-0.0061579	0.03630385	-0.03630385
2.3	2.2	2.4	0.730315	0.00619485	-0.00619485	0.03651575	-0.03651575
2.5	2.4	2.6	0.724927	0.00625654	-0.00625654	0.03624635	-0.03624635
2.7	2.6	2.8	0.712812	0.00630282	-0.00630282	0.0356406	-0.0356406
2.9	2.8	3	0.733204	0.00677948	-0.00677948	0.0366602	-0.0366602
3.25	3	3.5	0.719928	0.00484068	-0.00484068	0.0359964	-0.0359964
3.75	3.5	4	0.71559	0.00622794	-0.00622794	0.0357795	-0.0357795
4.25	4	4.5	0.72626	0.00925336	-0.00925336	0.036313	-0.036313
4.75	4.5	5	0.724769	0.0146174	-0.0146174	0.03623845	-0.03623845
5.25	5	5.5	0.597023	0.0345044	-0.0345044	0.02985115	-0.02985115
5.75	5.5	6	0.622186	0.055104	-0.055104	0.0311093	-0.0311093
							
#: $p_T$			Au+Au $\bar{p}^-/p$ $40-60\%$ centrality				
$p_T$	$p_T$ LOW	$p_T$ HIGH	Ratio of Yields	Stat error +	Stat error -	Sys error +	Sys error -
0.55	0.5	0.6	0.80177	0.0191272	-0.0191272	0.0400885	-0.0400885
0.65	0.6	0.7	0.81652	0.0161704	-0.0161704	0.040826	-0.040826
0.75	0.7	0.8	0.831477	0.0150443	-0.0150443	0.04157385	-0.04157385
0.85	0.8	0.9	0.78784	0.0136804	-0.0136804	0.039392	-0.039392
0.95	0.9	1	0.791085	0.0135493	-0.0135493	0.03955425	-0.03955425
1.05	1	1.1	0.770861	0.00991043	-0.00991043	0.03854305	-0.03854305
1.15	1.1	1.2	0.785412	0.0100696	-0.0100696	0.0392706	-0.0392706
1.25	1.2	1.3	0.745926	0.00936745	-0.00936745	0.0372963	-0.0372963
1.35	1.3	1.4	0.754485	0.00944809	-0.00944809	0.03772425	-0.03772425
1.45	1.4	1.5	0.74656	0.00935878	-0.00935878	0.037328	-0.037328
1.55	1.5	1.6	0.740709	0.00916443	-0.00916443	0.03703545	-0.03703545
1.65	1.6	1.7	0.728182	0.00900612	-0.00900612	0.0364091	-0.0364091
1.75	1.7	1.8	0.727918	0.00901132	-0.00901132	0.0363959	-0.0363959
1.85	1.8	1.9	0.739698	0.00912825	-0.00912825	0.0369849	-0.0369849
1.95	1.9	2	0.730843	0.00910064	-0.00910064	0.03654215	-0.03654215
2.1	2	2.2	0.732964	0.00658554	-0.00658554	0.0366482	-0.0366482
2.3	2.2	2.4	0.732494	0.00671539	-0.00671539	0.0366247	-0.0366247
2.5	2.4	2.6	0.727458	0.00696356	-0.00696356	0.0363729	-0.0363729
2.7	2.6	2.8	0.712952	0.00725134	-0.00725134	0.0356476	-0.0356476
2.9	2.8	3	0.72522	0.00802113	-0.00802113	0.036261	-0.036261
3.25	3	3.5	0.717739	0.00618171	-0.00618171	0.03588695	-0.03588695
3.75	3.5	4	0.718665	0.00883996	-0.00883996	0.03593325	-0.03593325
4.25	4	4.5	0.725063	0.0137145	-0.0137145	0.03625315	-0.03625315
4.75	4.5	5	0.696316	0.0210669	-0.0210669	0.0348158	-0.0348158
5.25	5	5.5	0.56021	0.0504909	-0.0504909	0.0280105	-0.0280105
5.75	5.5	6	0.701506	0.0912084	-0.0912084	0.0350753	-0.0350753
							
#: $p_T$			Au+Au $\bar{p}^-/p$ $60-92\%$ centrality				
$p_T$	$p_T$ LOW	$p_T$ HIGH	Ratio of Yields	Stat error +	Stat error -	Sys error +	Sys error -
0.55	0.5	0.6	0.803153	0.0237383	-0.0237383	0.04015765	-0.04015765
0.65	0.6	0.7	0.869572	0.0208998	-0.0208998	0.0434786	-0.0434786
0.75	0.7	0.8	0.866885	0.0196605	-0.0196605	0.04334425	-0.04334425
0.85	0.8	0.9	0.797554	0.0180542	-0.0180542	0.0398777	-0.0398777
0.95	0.9	1	0.811777	0.0187615	-0.0187615	0.04058885	-0.04058885
1.05	1	1.1	0.783917	0.00976815	-0.00976815	0.03919585	-0.03919585
1.15	1.1	1.2	0.798418	0.0100029	-0.0100029	0.0399209	-0.0399209
1.25	1.2	1.3	0.763097	0.00944211	-0.00944211	0.03815485	-0.03815485
1.35	1.3	1.4	0.763256	0.00950867	-0.00950867	0.0381628	-0.0381628
1.45	1.4	1.5	0.750369	0.00945802	-0.00945802	0.03751845	-0.03751845
1.55	1.5	1.6	0.743428	0.00935053	-0.00935053	0.0371714	-0.0371714
1.65	1.6	1.7	0.733324	0.00934886	-0.00934886	0.0366662	-0.0366662
1.75	1.7	1.8	0.734135	0.00952851	-0.00952851	0.03670675	-0.03670675
1.85	1.8	1.9	0.750852	0.00991895	-0.00991895	0.0375426	-0.0375426
1.95	1.9	2	0.74134	0.0101089	-0.0101089	0.037067	-0.037067
2.1	2	2.2	0.736604	0.00752147	-0.00752147	0.0368302	-0.0368302
2.3	2.2	2.4	0.728654	0.00815271	-0.00815271	0.0364327	-0.0364327
2.5	2.4	2.6	0.725959	0.00917679	-0.00917679	0.03629795	-0.03629795
2.7	2.6	2.8	0.71512	0.0104523	-0.0104523	0.035756	-0.035756
2.9	2.8	3	0.706324	0.0121713	-0.0121713	0.0353162	-0.0353162
3.25	3	3.5	0.714929	0.0105245	-0.0105245	0.03574645	-0.03574645
3.75	3.5	4	0.722186	0.0164539	-0.0164539	0.0361093	-0.0361093
4.25	4	4.5	0.722717	0.0258377	-0.0258377	0.03613585	-0.03613585
4.75	4.5	5	0.818678	0.0461203	-0.0461203	0.0409339	-0.0409339
5.25	5	5.5	0.554184	0.0868356	-0.0868356	0.0277092	-0.0277092
5.75	5.5	6	0.538244	0.126512	-0.126512	0.0269122	-0.0269122
