 Npart: 344 err: 11
 
   x         ex          y        +ey        -ey  
    ------------------------------------------------------- 
-5.300000  0.000000  72.292084  19.991364  -16.148335 
-5.100000  0.000000  88.964233  25.744209  -16.388023 
-4.900000  0.000000  116.828552  24.647537  -23.803955 
-4.700000  0.000000  147.454895  25.432419  -29.462753 
-4.500000  0.000000  173.092545  35.924500  -25.312378 
-4.300000  0.000000  223.513947  26.113495  -41.161041 
-4.100000  0.000000  262.477631  31.627045  -41.261353 
-3.900000  0.000000  297.870361  43.575928  -34.510315 
-3.700000  0.000000  345.325348  44.994019  -38.014465 
-3.500000  0.000000  387.878998  51.310272  -36.568970 
-3.300000  0.000000  420.483612  66.011414  -26.906647 
-3.100000  0.000000  472.000549  58.829651  -39.420441 
-2.900000  0.000000  519.498962  51.585144  -52.269806 
-2.700000  0.000000  546.577637  59.937073  -49.632935 
-2.500000  0.000000  572.937805  63.811768  -51.324890 
-2.300000  0.000000  600.294067  61.436646  -58.824524 
-2.100000  0.000000  617.312805  64.318481  -60.348694 
-1.900000  0.000000  641.832458  54.936462  -73.190857 
-1.700000  0.000000  653.074951  54.461182  -76.016663 
-1.500000  0.000000  652.291443  62.066895  -69.555847 
-1.300000  0.000000  655.508728  62.178040  -69.362000 
-1.100000  0.000000  653.151123  64.878052  -65.421143 
-0.900000  0.000000  652.749634  63.265015  -64.828491 
-0.700000  0.000000  647.516052  64.957825  -60.323914 
-0.500000  0.000000  637.687866  70.800415  -51.611755 
-0.300000  0.000000  649.766052  55.562012  -64.618958 
-0.100000  0.000000  642.598267  61.619446  -57.664307 
0.100000  0.000000  640.510803  63.706909  -55.576843 
0.300000  0.000000  647.693481  57.634583  -62.546387 
0.500000  0.000000  634.537720  73.950562  -48.461609 
0.700000  0.000000  641.307983  71.165955  -54.115845 
0.900000  0.000000  644.122070  71.892578  -56.200928 
1.100000  0.000000  645.974487  72.054688  -58.244507 
1.300000  0.000000  653.934570  63.752197  -67.787842 
1.500000  0.000000  656.526672  57.831604  -73.791077 
1.700000  0.000000  652.849121  54.687012  -75.790833 
1.900000  0.000000  640.414246  56.354675  -71.772644 
2.100000  0.000000  630.086121  51.545105  -73.122009 
2.300000  0.000000  607.745605  53.985107  -66.276123 
2.500000  0.000000  577.862122  58.887451  -56.249207 
2.700000  0.000000  560.939148  45.575562  -63.994446 
2.900000  0.000000  516.956177  54.127930  -49.727051 
3.100000  0.000000  480.390808  50.439392  -47.810760 
3.300000  0.000000  435.675659  50.819305  -42.098755 
3.500000  0.000000  402.111511  37.077698  -50.801544 
3.700000  0.000000  349.748199  40.571167  -42.437317 
3.900000  0.000000  305.843170  35.603058  -42.483185 
4.100000  0.000000  262.543976  31.560577  -41.327789 
4.300000  0.000000  225.120712  24.506729  -42.767807 
4.500000  0.000000  182.782562  26.234482  -35.002396 
4.700000  0.000000  147.906143  24.981094  -29.914062 
4.900000  0.000000  117.969063  23.507027  -24.944466 
5.100000  0.000000  93.337891  21.370491  -20.761726 
5.300000  0.000000  72.882820  19.400627  -16.739071

NPart: 274 err: 9
 x         ex          y        +ey        -ey   
 -------------------------------------------------------  
-5.300000  0.000000  64.171410  16.291641  -15.252045 
-5.100000  0.000000  78.231522  20.575783  -15.781582 
-4.900000  0.000000  99.883888  20.496780  -20.845123 
-4.700000  0.000000  124.635231  20.685600  -25.642876 
-4.500000  0.000000  146.528351  27.059052  -24.079826 
-4.300000  0.000000  179.477615  25.434021  -30.188858 
-4.100000  0.000000  211.733231  27.034332  -32.664642 
-3.900000  0.000000  236.803802  37.576141  -25.806396 
-3.700000  0.000000  271.680389  39.097198  -27.687531 
-3.500000  0.000000  305.841095  41.045807  -29.030090 
-3.300000  0.000000  333.071838  48.575500  -24.849213 
-3.100000  0.000000  374.586609  39.536469  -37.401764 
-2.900000  0.000000  401.615356  41.970001  -38.657043 
-2.700000  0.000000  423.846863  45.704163  -38.700165 
-2.500000  0.000000  446.057343  45.720703  -42.392426 
-2.300000  0.000000  465.166260  45.061493  -46.502533 
-2.100000  0.000000  474.509705  50.501648  -44.068024 
-1.900000  0.000000  491.803741  44.531647  -52.436493 
-1.700000  0.000000  499.619690  44.838135  -53.796906 
-1.500000  0.000000  507.071655  42.591553  -56.898621 
-1.300000  0.000000  504.871277  47.390137  -52.114563 
-1.100000  0.000000  502.994507  49.618042  -49.097168 
-0.900000  0.000000  500.652710  50.524597  -46.723663 
-0.700000  0.000000  498.355499  50.222992  -45.127869 
-0.500000  0.000000  496.568115  49.069336  -44.338318 
-0.300000  0.000000  492.063202  51.262726  -40.649078 
-0.100000  0.000000  499.160248  43.423798  -47.934692 
0.100000  0.000000  497.454712  45.129333  -46.229156 
0.300000  0.000000  499.116699  44.209229  -47.702576 
0.500000  0.000000  492.756836  52.880615  -40.527039 
0.700000  0.000000  498.455383  50.123108  -45.227722 
0.900000  0.000000  502.547943  48.629364  -48.618896 
1.100000  0.000000  499.293762  53.318787  -45.396423 
1.300000  0.000000  501.843536  50.417877  -49.086823 
1.500000  0.000000  504.434967  45.228241  -54.261932 
1.700000  0.000000  499.210510  45.247253  -53.387726 
1.900000  0.000000  491.004517  45.330811  -51.637299 
2.100000  0.000000  477.163971  47.847382  -46.722321 
2.300000  0.000000  466.767700  43.460022  -48.104004 
2.500000  0.000000  447.374115  44.403900  -43.709198 
2.700000  0.000000  425.369232  44.181793  -40.222534 
2.900000  0.000000  404.320404  39.264923  -41.362122 
3.100000  0.000000  385.026581  29.096466  -47.841797 
3.300000  0.000000  347.513062  34.134216  -39.290466 
3.500000  0.000000  317.151642  29.735199  -40.340668 
3.700000  0.000000  279.508179  31.269409  -35.515320 
3.900000  0.000000  242.276840  32.103043  -31.279465 
4.100000  0.000000  211.130142  27.637344  -32.061615 
4.300000  0.000000  181.262589  23.649048  -31.973831 
4.500000  0.000000  148.316315  25.271088  -25.867790 
4.700000  0.000000  123.011368  22.309402  -24.019066 
4.900000  0.000000  101.039101  19.341568  -22.000336 
5.100000  0.000000  81.561211  17.246048  -19.111305 
5.300000  0.000000  65.085655  15.377396  -16.166290 

 Npart: 200 err: 8
 
 
   x         ex          y        +ey        -ey   
 -------------------------------------------------------  
-5.300000  0.000000  51.684448  11.708454  -14.385792 
-5.100000  0.000000  60.404583  16.627522  -12.873795 
-4.900000  0.000000  75.772163  17.085442  -15.773548 
-4.700000  0.000000  95.514542  15.390236  -20.638298 
-4.500000  0.000000  108.919334  22.163307  -16.726982 
-4.300000  0.000000  133.481522  19.667252  -21.710480 
-4.100000  0.000000  157.210144  19.490601  -24.015198 
-3.900000  0.000000  175.467026  25.724396  -19.654495 
-3.700000  0.000000  199.757751  26.213150  -20.955704 
-3.500000  0.000000  221.848099  28.500458  -20.565399 
-3.300000  0.000000  242.192780  31.470398  -19.749680 
-3.100000  0.000000  271.676270  23.669800  -30.027283 
-2.900000  0.000000  283.927673  31.036469  -25.426270 
-2.700000  0.000000  299.881927  32.355133  -27.043030 
-2.500000  0.000000  313.033325  33.996399  -28.335785 
-2.300000  0.000000  325.995819  33.331818  -31.745667 
-2.100000  0.000000  335.804993  33.399139  -34.059265 
-1.900000  0.000000  346.124817  30.663239  -38.664490 
-1.700000  0.000000  351.223267  31.015594  -39.558777 
-1.500000  0.000000  354.210724  31.522461  -39.604614 
-1.300000  0.000000  352.897949  34.568726  -36.391052 
-1.100000  0.000000  352.473175  35.199890  -34.904327 
-0.900000  0.000000  354.054321  32.605865  -36.066284 
-0.700000  0.000000  352.765930  32.086884  -34.795197 
-0.500000  0.000000  349.732239  33.086121  -31.988770 
-0.300000  0.000000  350.200562  31.031677  -32.655029 
-0.100000  0.000000  346.831177  33.918976  -29.235809 
0.100000  0.000000  348.113220  32.636932  -30.517853 
0.300000  0.000000  347.047699  34.184540  -29.502167 
0.500000  0.000000  349.404266  33.414093  -31.660797 
0.700000  0.000000  349.036865  35.815948  -31.066132 
0.900000  0.000000  350.965363  35.694824  -32.977325 
1.100000  0.000000  349.919312  37.753754  -32.350464 
1.300000  0.000000  351.545959  35.920715  -35.039062 
1.500000  0.000000  348.483673  37.249512  -33.877563 
1.700000  0.000000  347.157867  35.080994  -35.493378 
1.900000  0.000000  343.288635  33.499420  -35.828308 
2.100000  0.000000  338.670319  30.533783  -36.924591 
2.300000  0.000000  327.304749  32.022888  -33.054596 
2.500000  0.000000  315.827362  31.202332  -31.129822 
2.700000  0.000000  300.628754  31.608307  -27.789856 
2.900000  0.000000  284.744415  30.219727  -26.243042 
3.100000  0.000000  276.584930  18.761108  -34.935959 
3.300000  0.000000  253.079498  20.583649  -30.636414 
3.500000  0.000000  229.078400  21.270126  -27.795715 
3.700000  0.000000  199.130966  26.839935  -20.328918 
3.900000  0.000000  178.268402  22.922989  -22.455902 
4.100000  0.000000  154.803787  21.896896  -21.608902 
4.300000  0.000000  133.000031  20.148743  -21.228989 
4.500000  0.000000  111.683022  19.399620  -19.490669 
4.700000  0.000000  93.243301  17.661430  -18.367096 
4.900000  0.000000  78.598877  14.258728  -18.600262 
5.100000  0.000000  63.335785  13.696289  -15.805023 
5.300000  0.000000  52.994705  10.398197  -15.696049 

Npart: 138 err: 6
 
 
   x         ex          y        +ey        -ey   
 -------------------------------------------------------  
-5.300000  0.000000  40.981140  7.568790  -11.219124 
-5.100000  0.000000  48.101479  10.080791  -10.999622 
-4.900000  0.000000  58.486591  10.687733  -12.657280 
-4.700000  0.000000  70.522568  10.984207  -14.521336 
-4.500000  0.000000  77.782028  17.299362  -10.198418 
-4.300000  0.000000  93.465065  16.246712  -13.038193 
-4.100000  0.000000  109.240913  15.883614  -14.985550 
-3.900000  0.000000  123.177246  17.796112  -14.497734 
-3.700000  0.000000  136.880280  19.985733  -13.646973 
-3.500000  0.000000  151.182358  21.217194  -13.751663 
-3.300000  0.000000  165.844223  21.352890  -15.017258 
-3.100000  0.000000  183.283630  17.655731  -20.214355 
-2.900000  0.000000  191.909439  21.475159  -17.984863 
-2.700000  0.000000  204.114319  20.261246  -20.831879 
-2.500000  0.000000  209.879349  23.954956  -18.741409 
-2.300000  0.000000  221.708298  20.040146  -24.144669 
-2.100000  0.000000  225.853531  22.300400  -23.173721 
-1.900000  0.000000  230.802872  22.315262  -24.173843 
-1.700000  0.000000  235.839722  20.887177  -26.281799 
-1.500000  0.000000  236.911942  22.166489  -25.304672 
-1.300000  0.000000  239.285583  21.000519  -26.375916 
-1.100000  0.000000  237.812439  22.679718  -24.218048 
-0.900000  0.000000  237.893509  21.998245  -24.096069 
-0.700000  0.000000  236.014008  22.748047  -22.340210 
-0.500000  0.000000  237.033157  20.445602  -23.628616 
-0.300000  0.000000  234.319595  22.173203  -21.131088 
-0.100000  0.000000  234.103546  22.140137  -20.892685 
0.100000  0.000000  232.349670  23.894012  -19.138809 
0.300000  0.000000  233.450089  23.042709  -20.261581 
0.500000  0.000000  234.004272  23.474487  -20.599731 
0.700000  0.000000  235.645355  23.116699  -21.971558 
0.900000  0.000000  236.420578  23.471176  -22.623138 
1.100000  0.000000  235.035995  25.456161  -21.441605 
1.300000  0.000000  233.521255  26.764847  -20.611588 
1.500000  0.000000  234.757706  24.320724  -23.150436 
1.700000  0.000000  232.151733  24.575165  -22.593811 
1.900000  0.000000  231.462402  21.655731  -24.833374 
2.100000  0.000000  229.165100  18.988831  -26.485306 
2.300000  0.000000  219.417709  22.330719  -21.854095 
2.500000  0.000000  210.954773  22.879517  -19.816833 
2.700000  0.000000  202.076889  22.298676  -18.794449 
2.900000  0.000000  193.281693  20.102890  -19.357132 
3.100000  0.000000  187.912537  13.026810  -24.843277 
3.300000  0.000000  173.104156  14.092941  -22.277206 
3.500000  0.000000  158.665527  13.733994  -21.234848 
3.700000  0.000000  138.871643  17.994370  -15.638336 
3.900000  0.000000  123.782196  17.191132  -15.102699 
4.100000  0.000000  109.836678  15.287811  -15.581345 
4.300000  0.000000  94.937096  14.774681  -14.510223 
4.500000  0.000000  80.156425  14.924965  -12.572815 
4.700000  0.000000  70.062309  11.444435  -14.061104 
4.900000  0.000000  59.255318  9.919006  -13.426006 
5.100000  0.000000  48.607998  9.574249  -11.506161 
5.300000  0.000000  41.960190  6.589741  -12.198174 

Npart:   93 err: 5
 
 
   x         ex          y        +ey        -ey   
 -------------------------------------------------------  
-5.300000  0.000000  29.877424  5.348680  -8.560957 
-5.100000  0.000000  33.691338  7.959045  -7.433529 
-4.900000  0.000000  40.900539  7.971889  -8.848530 
-4.700000  0.000000  49.878662  6.982246  -11.164654 
-4.500000  0.000000  53.220970  12.318939  -7.018402 
-4.300000  0.000000  64.484451  10.301918  -10.075352 
-4.100000  0.000000  74.361710  10.071373  -11.206387 
-3.900000  0.000000  82.292580  11.985306  -10.089226 
-3.700000  0.000000  90.220284  13.878357  -8.941635 
-3.500000  0.000000  98.831459  14.839905  -8.730026 
-3.300000  0.000000  108.680870  14.107506  -10.261665 
-3.100000  0.000000  121.947540  9.325851  -15.914841 
-2.900000  0.000000  125.489777  13.501251  -12.680016 
-2.700000  0.000000  131.561279  14.288742  -12.875031 
-2.500000  0.000000  135.853836  15.946838  -12.197014 
-2.300000  0.000000  141.713898  15.114304  -13.953865 
-2.100000  0.000000  145.558090  15.386185  -14.495773 
-1.900000  0.000000  149.144577  15.034088  -15.500504 
-1.700000  0.000000  152.068558  14.504333  -16.479019 
-1.500000  0.000000  153.668945  14.508682  -16.687912 
-1.300000  0.000000  154.095886  14.959457  -16.198257 
-1.100000  0.000000  154.842575  14.446823  -16.424667 
-0.900000  0.000000  154.531250  14.468674  -15.905258 
-0.700000  0.000000  154.135880  14.226517  -15.516998 
-0.500000  0.000000  155.645096  11.973297  -17.134506 
-0.300000  0.000000  152.999252  14.060837  -14.572556 
-0.100000  0.000000  152.972809  14.000763  -14.488327 
0.100000  0.000000  149.794601  17.178970  -11.310120 
0.300000  0.000000  151.782593  15.277496  -13.355896 
0.500000  0.000000  153.495148  14.123245  -14.984558 
0.700000  0.000000  153.097916  15.264481  -14.479034 
0.900000  0.000000  151.989822  17.010101  -13.363831 
1.100000  0.000000  151.420715  17.868683  -13.002808 
1.300000  0.000000  152.737732  16.317596  -14.840103 
1.500000  0.000000  153.199066  14.978561  -16.218033 
1.700000  0.000000  150.983475  15.589417  -15.393936 
1.900000  0.000000  148.733597  15.445068  -15.089523 
2.100000  0.000000  147.036407  13.907867  -15.974091 
2.300000  0.000000  141.784958  15.043243  -14.024925 
2.500000  0.000000  139.299301  12.501373  -15.642479 
2.700000  0.000000  133.309647  12.540375  -14.623398 
2.900000  0.000000  124.384232  14.606781  -11.574478 
3.100000  0.000000  121.207779  10.065598  -15.175087 
3.300000  0.000000  113.969757  8.818611  -15.550568 
3.500000  0.000000  102.340714  11.330643  -12.239296 
3.700000  0.000000  92.809639  11.289001  -11.530991 
3.900000  0.000000  84.118805  10.159065  -11.915459 
4.100000  0.000000  72.661690  11.771370  -9.506390 
4.300000  0.000000  63.864304  10.922066  -9.455204 
4.500000  0.000000  55.003082  10.536827  -8.800514 
4.700000  0.000000  48.912209  7.948681  -10.198215 
4.900000  0.000000  40.961990  7.910439  -8.909981 
5.100000  0.000000  34.000664  7.649704  -7.742868 
5.300000  0.000000  29.296186  5.929918  -7.979719 

 
Npart:   93 err: 5 
 
   x         ex          y        +ey        -ey   
 -------------------------------------------------------  
-5.300000  0.000000  19.495556  3.959185  -5.753398 
-5.100000  0.000000  22.525454  4.976526  -5.628538 
-4.900000  0.000000  27.042273  4.957647  -6.467663 
-4.700000  0.000000  31.523439  5.394526  -6.750582 
-4.500000  0.000000  35.478474  6.721642  -6.026611 
-4.300000  0.000000  39.567173  8.197910  -5.037910 
-4.100000  0.000000  47.149559  6.359947  -7.268120 
-3.900000  0.000000  51.605892  7.708443  -6.252991 
-3.700000  0.000000  55.858059  9.195667  -5.085136 
-3.500000  0.000000  62.647949  7.956985  -6.672131 
-3.300000  0.000000  66.826973  9.030472  -6.007133 
-3.100000  0.000000  75.856720  4.863350  -10.656326 
-2.900000  0.000000  76.470299  8.654488  -7.415123 
-2.700000  0.000000  80.580353  8.447029  -8.218559 
-2.500000  0.000000  83.763878  8.641495  -8.633629 
-2.300000  0.000000  86.126587  9.127388  -8.733543 
-2.100000  0.000000  88.219337  9.362183  -9.023605 
-1.900000  0.000000  89.516617  9.888458  -8.927505 
-1.700000  0.000000  91.487076  9.260307  -9.863075 
-1.500000  0.000000  91.713608  9.922295  -9.365036 
-1.300000  0.000000  93.201118  8.903770  -10.392929 
-1.100000  0.000000  92.785248  9.416046  -9.737732 
-0.900000  0.000000  92.325340  9.669113  -9.210915 
-0.700000  0.000000  93.632668  7.954819  -10.568169 
-0.500000  0.000000  93.586136  7.537636  -10.622498 
-0.300000  0.000000  90.052917  10.724693  -7.168114 
-0.100000  0.000000  92.344429  8.375603  -9.448204 
0.100000  0.000000  91.345810  9.374222  -8.449585 
0.300000  0.000000  91.776321  9.001289  -8.891518 
0.500000  0.000000  91.942360  9.181412  -8.978722 
0.700000  0.000000  90.902725  10.684761  -7.838226 
0.900000  0.000000  92.882927  9.111526  -9.768501 
1.100000  0.000000  91.642471  10.558823  -8.594955 
1.300000  0.000000  91.810196  10.294693  -9.002007 
1.500000  0.000000  92.429947  9.205948  -10.081375 
1.700000  0.000000  91.510567  9.236816  -9.886566 
1.900000  0.000000  90.282257  9.122818  -9.693146 
2.100000  0.000000  87.921989  9.659531  -8.726257 
2.300000  0.000000  85.936996  9.316978  -8.543953 
2.500000  0.000000  83.562782  8.842590  -8.432541 
2.700000  0.000000  80.657883  8.369499  -8.296089 
2.900000  0.000000  77.458519  7.666260  -8.403351 
3.100000  0.000000  76.118652  4.601410  -10.918266 
3.300000  0.000000  70.020309  5.837135  -9.200474 
3.500000  0.000000  63.875259  6.729668  -7.899448 
3.700000  0.000000  57.580208  7.473518  -6.807285 
3.900000  0.000000  51.598579  7.715748  -6.245686 
4.100000  0.000000  45.298100  8.211395  -5.416672 
4.300000  0.000000  40.766087  6.998997  -6.236824 
4.500000  0.000000  35.117466  7.082649  -5.665604 
4.700000  0.000000  32.028782  4.889172  -7.255936 
4.900000  0.000000  26.119835  5.880085  -5.545225 
5.100000  0.000000  22.524298  4.977673  -5.627390 
5.300000  0.000000  19.780287  3.674454  -6.038129 