pt vn ptErr vnErr
------------------------
pion	v2	cent0
0.490000010	0.019190000	0.005007834	0.000060000
0.689999998	0.030420000	0.005015974	0.000080000
0.889999986	0.040449999	0.005035871	0.000110000
1.090000033	0.049559999	0.006040696	0.000140000
1.289999962	0.056990001	0.006053098	0.000190000
1.490000010	0.062739998	0.006067125	0.000260000
1.690000057	0.067630000	0.006082762	0.000350000
1.889999986	0.071999997	0.006100000	0.000500000
2.089999914	0.073299997	0.006100000	0.000600000
2.289999962	0.075700000	0.006100000	0.000900000
2.490000010	0.075199999	0.006100000	0.001300000
2.690000057	0.073500000	0.006100000	0.001800000
2.890000105	0.075300001	0.006100000	0.002600000
3.210000038	0.069399998	0.006082762	0.003300000
3.710000038	0.057500001	0.006053098	0.005000000
------------------------
pion	v3	cent0
0.490000010	0.007860000	0.000602993	0.000100000
0.689999998	0.015650000	0.000909340	0.000140000
0.889999986	0.024690000	0.001315295	0.000190000
1.090000033	0.032970000	0.001620987	0.000250000
1.289999962	0.041350000	0.002027042	0.000340000
1.490000010	0.048900001	0.002433105	0.000500000
1.690000057	0.055900000	0.002729469	0.000600000
1.889999986	0.061000001	0.002942788	0.000800000
2.089999914	0.064800002	0.003140064	0.001100000
2.289999962	0.067500003	0.003238827	0.001600000
2.490000010	0.073200002	0.003551056	0.002200000
2.690000057	0.068899997	0.003354102	0.003200000
2.890000105	0.073500000	0.003551056	0.005000000
3.210000038	0.068499997	0.003354102	0.006000000
3.710000038	0.059900001	0.002942788	0.009000000
------------------------
pion	v4	cent0
0.490000010	0.002630000	0.001301883	0.000250000
0.689999998	0.007770000	0.002508804	0.000330000
0.889999986	0.013700000	0.003522783	0.000500000
1.090000033	0.019900000	0.004031129	0.000600000
1.289999962	0.027500000	0.005063596	0.000800000
1.490000010	0.032600001	0.006067125	0.001100000
1.690000057	0.037099998	0.006082762	0.001500000
1.889999986	0.041200001	0.007085902	0.002000000
2.089999914	0.048500001	0.008104937	0.002700000
2.289999962	0.056400001	0.009124143	0.004000000
2.490000010	0.048500001	0.008104937	0.005000000
2.690000057	0.055399999	0.009124143	0.008000000
2.890000105	0.052400000	0.008121576	0.011000000
3.210000038	0.059300002	0.009141115	0.014000000
3.710000038	0.066900000	0.010160709	0.023000000
------------------------
pion	v2	cent1
0.490000010	0.037909999	0.005015974	0.000050000
0.689999998	0.056940001	0.006020797	0.000070000
0.889999986	0.074349999	0.006040696	0.000090000
1.090000033	0.089489996	0.006053098	0.000130000
1.289999962	0.102300003	0.006082762	0.000170000
1.490000010	0.113240004	0.006100000	0.000230000
1.690000057	0.121550001	0.007085902	0.000300000
1.889999986	0.127700001	0.007102112	0.000400000
2.089999914	0.132499993	0.007102112	0.000500000
2.289999962	0.134700000	0.007119691	0.000700000
2.490000010	0.133699998	0.007119691	0.001000000
2.690000057	0.135900006	0.007119691	0.001500000
2.890000105	0.136000007	0.007119691	0.002200000
3.210000038	0.130999997	0.007102112	0.002600000
3.710000038	0.125200003	0.007102112	0.004000000
------------------------
pion	v3	cent1
0.490000010	0.010980000	0.000806226	0.000120000
0.689999998	0.020339999	0.001312402	0.000160000
0.889999986	0.030719999	0.001919088	0.000210000
1.090000033	0.040679999	0.002531798	0.000290000
1.289999962	0.050400000	0.003125700	0.000400000
1.490000010	0.059900001	0.004031129	0.000500000
1.690000057	0.065899998	0.004044750	0.000700000
1.889999986	0.071500003	0.004044750	0.000900000
2.089999914	0.078800000	0.005048762	0.001200000
2.289999962	0.078599997	0.005048762	0.001700000
2.490000010	0.083999999	0.005048762	0.002400000
2.690000057	0.084200002	0.005048762	0.003500000
2.890000105	0.086199999	0.005063596	0.005000000
3.210000038	0.079000004	0.005048762	0.006000000
3.710000038	0.056800000	0.003535534	0.010000000
------------------------
pion	v4	cent1
0.490000010	0.007240000	0.005002889	0.000300000
0.689999998	0.013300000	0.008006005	0.000400000
0.889999986	0.021400001	0.010012493	0.000600000
1.090000033	0.028700000	0.012020400	0.000700000
1.289999962	0.038100000	0.014028899	0.001000000
1.490000010	0.046100002	0.015040279	0.001300000
1.690000057	0.051100001	0.015047924	0.001800000
1.889999986	0.059099998	0.016061135	0.002400000
2.089999914	0.060300000	0.015065191	0.003200000
2.289999962	0.064700000	0.015074814	0.004000000
2.490000010	0.065099999	0.015074814	0.006000000
2.690000057	0.066900000	0.015074814	0.009000000
2.890000105	0.059900001	0.013075167	0.013000000
3.210000038	0.066200003	0.014080129	0.016000001
3.710000038	0.035799999	0.007045566	0.025000000
------------------------
pion	v2	cent2
0.490000010	0.053649999	0.002421239	0.000060000
0.689999998	0.078690000	0.002844292	0.000080000
0.889999986	0.101039998	0.003354102	0.000100000
1.090000033	0.120750003	0.004060788	0.000140000
1.289999962	0.136910006	0.004079216	0.000190000
1.490000010	0.149729997	0.005080354	0.000250000
1.690000057	0.160060003	0.005099020	0.000330000
1.889999986	0.167699993	0.005099020	0.000400000
2.089999914	0.171399996	0.005099020	0.000600000
2.289999962	0.174899995	0.005099020	0.000800000
2.490000010	0.176100001	0.005099020	0.001100000
2.690000057	0.178000003	0.005119571	0.001600000
2.890000105	0.172099993	0.005099020	0.002300000
3.210000038	0.173999995	0.005099020	0.002800000
3.720000029	0.159999996	0.005099020	0.004000000
------------------------
pion	v3	cent2
0.490000010	0.013120000	0.001504792	0.000150000
0.689999998	0.023290001	0.002310498	0.000210000
0.889999986	0.034710001	0.003316459	0.000280000
1.090000033	0.045400001	0.004019951	0.000400000
1.289999962	0.055000000	0.005024938	0.000500000
1.490000010	0.064300001	0.006029925	0.000700000
1.690000057	0.072300002	0.007034913	0.000900000
1.889999986	0.078699999	0.007034913	0.001200000
2.089999914	0.082900003	0.008039901	0.001600000
2.289999962	0.086599998	0.008039901	0.002200000
2.490000010	0.089199997	0.008039901	0.003100000
2.690000057	0.094099998	0.009044887	0.004000000
2.890000105	0.075400002	0.007034913	0.006000000
3.210000038	0.094099998	0.009044887	0.008000000
3.720000029	0.075000003	0.007034913	0.012000000
------------------------
pion	v4	cent2
0.490000010	0.011000000	0.008002500	0.000400000
0.689999998	0.018660000	0.012004538	0.000500000
0.889999986	0.028500000	0.015008331	0.000700000
1.090000033	0.038899999	0.018013604	0.001000000
1.289999962	0.047899999	0.020020239	0.001300000
1.490000010	0.057100002	0.022022715	0.001800000
1.690000057	0.061900001	0.023026289	0.002400000
1.889999986	0.071199998	0.025033778	0.003100000
2.089999914	0.069300003	0.023031283	0.004000000
2.289999962	0.071500003	0.023036711	0.006000000
2.490000010	0.077799998	0.025039170	0.008000000
2.690000057	0.099799998	0.031052213	0.012000000
2.890000105	0.086900003	0.027047366	0.017000001
3.210000038	0.061700001	0.019031815	0.020000000
3.720000029	0.036600001	0.011022250	0.030999999
------------------------
pion	v2	cent3
0.490000010	0.064620003	0.002315794	0.000070000
0.689999998	0.093860000	0.003125700	0.000100000
0.889999986	0.119530000	0.004031129	0.000130000
1.090000033	0.141700000	0.004044750	0.000180000
1.289999962	0.159260005	0.005048762	0.000240000
1.490000010	0.173500001	0.005048762	0.000320000
1.690000057	0.183400005	0.005063596	0.000400000
1.889999986	0.191100001	0.006053098	0.000500000
2.089999914	0.197699994	0.006053098	0.000700000
2.289999962	0.198899999	0.006053098	0.001000000
2.490000010	0.198100001	0.006053098	0.001400000
2.690000057	0.197099999	0.006053098	0.002000000
2.890000105	0.197899997	0.006053098	0.002800000
3.210000038	0.194000006	0.006053098	0.003400000
3.710000038	0.179600000	0.005063596	0.005000000
------------------------
pion	v3	cent3
0.490000010	0.014100000	0.002506471	0.000220000
0.689999998	0.025100000	0.003415026	0.000300000
0.889999986	0.036600001	0.004031129	0.000400000
1.090000033	0.047100000	0.005035871	0.000500000
1.289999962	0.058600001	0.007045566	0.000700000
1.490000010	0.065099999	0.007045566	0.001000000
1.690000057	0.075099997	0.008062258	0.001300000
1.889999986	0.076399997	0.008062258	0.001700000
2.089999914	0.078900002	0.009055384	0.002300000
2.289999962	0.086300001	0.010060318	0.003100000
2.490000010	0.081900001	0.009066973	0.004000000
2.690000057	0.097700000	0.011076552	0.006000000
2.890000105	0.086400002	0.010060318	0.009000000
3.210000038	0.087200001	0.010060318	0.010000000
3.710000038	0.099100001	0.011076552	0.016000001
------------------------
pion	v4	cent3
0.490000010	0.013700000	0.010007997	0.000600000
0.689999998	0.023000000	0.014017490	0.000800000
0.889999986	0.035399999	0.019026298	0.001100000
1.090000033	0.042800002	0.021040199	0.001500000
1.289999962	0.057799999	0.026055519	0.002000000
1.490000010	0.066299997	0.027066769	0.002700000
1.690000057	0.073399998	0.028086297	0.004000000
1.889999986	0.069499999	0.026076810	0.005000000
2.089999914	0.087899998	0.031108841	0.006000000
2.289999962	0.101000004	0.035128336	0.009000000
2.490000010	0.075599998	0.025096614	0.012000000
2.690000057	0.079499997	0.026101533	0.017000001
2.890000105	0.071699999	0.023095671	0.025000000
3.210000038	0.073799998	0.023104979	0.028999999
3.710000038	0.119400002	0.040152833	0.050000001
------------------------
pion	v2	cent4
0.490000010	0.070979998	0.002409170	0.000100000
0.689999998	0.102320001	0.003313608	0.000140000
0.889999986	0.130030006	0.004019951	0.000190000
1.090000033	0.152930006	0.005024938	0.000250000
1.289999962	0.171210006	0.005024938	0.000340000
1.490000010	0.185299993	0.006029925	0.000500000
1.690000057	0.195999995	0.006029925	0.000600000
1.889999986	0.203199998	0.006029925	0.000800000
2.089999914	0.207499996	0.007025667	0.001000000
2.289999962	0.208399996	0.007025667	0.001400000
2.490000010	0.212799996	0.007025667	0.002000000
2.690000057	0.206799999	0.007025667	0.002800000
2.890000105	0.206200004	0.007025667	0.004000000
3.210000038	0.201199993	0.006029925	0.005000000
3.720000029	0.186900005	0.006029925	0.007000000
------------------------
pion	v3	cent4
0.490000010	0.014270000	0.003214032	0.000350000
0.689999998	0.025699999	0.005024938	0.000500000
0.889999986	0.035599999	0.006053098	0.000700000
1.090000033	0.047499999	0.008062258	0.000900000
1.289999962	0.057900000	0.009079647	0.001200000
1.490000010	0.066799998	0.011088734	0.001600000
1.690000057	0.071599998	0.011101801	0.002100000
1.889999986	0.075000003	0.012106197	0.002800000
2.089999914	0.075000003	0.012106197	0.004000000
2.289999962	0.081900001	0.013124024	0.005000000
2.490000010	0.077600002	0.012119818	0.007000000
2.690000057	0.067400001	0.011088734	0.010000000
2.890000105	0.082000002	0.013124024	0.014000000
3.210000038	0.066000000	0.011088734	0.016000001
3.720000029	0.052000001	0.008075272	0.025000000
------------------------
pion	v4	cent4
0.490000010	0.015600000	0.010024470	0.001300000
0.689999998	0.029300001	0.015065191	0.001800000
0.889999986	0.043800000	0.019115699	0.002500000
1.090000033	0.053800002	0.021160340	0.003300000
1.289999962	0.068700001	0.025216861	0.004000000
1.490000010	0.077000000	0.026305893	0.006000000
1.690000057	0.092000000	0.030265491	0.008000000
1.889999986	0.093000002	0.030265491	0.010000000
2.089999914	0.098999999	0.031400636	0.014000000
2.289999962	0.112000003	0.035355337	0.018999999
2.490000010	0.127000004	0.040447496	0.026000001
2.690000057	0.064700000	0.020238824	0.039999999
2.890000105	0.150999993	0.050487623	0.050000001
3.210000038	0.071900003	0.022276670	0.059999999
3.720000029	0.166999996	0.050635956	0.090000004
------------------------
pion	v2	cent5
0.490000010	0.072130002	0.002606933	0.000170000
0.689999998	0.104319997	0.004009102	0.000220000
0.889999986	0.132449999	0.005011546	0.000310000
1.090000033	0.155000001	0.006013318	0.000400000
1.289999962	0.174600005	0.006020797	0.000600000
1.490000010	0.186600000	0.007017835	0.000800000
1.690000057	0.196400002	0.007017835	0.001000000
1.889999986	0.204099998	0.007017835	0.001300000
2.089999914	0.206499994	0.007017835	0.001700000
2.289999962	0.206200004	0.007017835	0.002400000
2.490000010	0.207200006	0.008015610	0.003300000
2.690000057	0.211899996	0.008015610	0.005000000
2.890000105	0.207100004	0.008015610	0.007000000
3.220000029	0.200299993	0.007017835	0.007000000
3.720000029	0.190799996	0.007017835	0.011000000
------------------------
pion	v3	cent5
0.490000010	0.012300000	0.005015974	0.000600000
0.689999998	0.021299999	0.007045566	0.000800000
0.889999986	0.033900000	0.010071742	0.001200000
1.090000033	0.041400000	0.011101801	0.001600000
1.289999962	0.049400002	0.013110682	0.002100000
1.490000010	0.055799998	0.015132746	0.002900000
1.690000057	0.065800004	0.017154884	0.004000000
1.889999986	0.050999999	0.014115240	0.005000000
2.089999914	0.065399997	0.017154884	0.007000000
2.289999962	0.067000002	0.017168576	0.009000000
2.490000010	0.065300003	0.017154884	0.012000000
2.690000057	0.059799999	0.016137224	0.017000001
2.890000105	0.002310000	0.004000800	0.024000000
3.220000029	0.024800001	0.008050467	0.028000001
3.720000029	0.047300000	0.013110682	0.039999999
------------------------
pion	v4	cent5
0.490000010	0.004860000	0.001423938	0.000400000
0.689999998	0.009100000	0.001964688	0.000500000
0.889999986	0.014800000	0.002912044	0.000700000
1.090000033	0.019800000	0.004148494	0.001000000
1.289999962	0.020600000	0.004148494	0.001400000
1.490000010	0.029100001	0.005220153	0.001800000
1.690000057	0.029999999	0.005249762	0.002400000
1.889999986	0.037500001	0.007280110	0.003200000
2.089999914	0.037200000	0.007280110	0.004000000
2.289999962	0.033599999	0.006264184	0.006000000
2.490000010	0.035000000	0.006293647	0.008000000
2.690000057	0.046100002	0.008381528	0.011000000
2.890000105	0.012700000	0.002596151	0.016000001
3.220000029	0.067000002	0.012649111	0.017999999
3.720000029	0.045499999	0.008352245	0.028000001
------------------------
kaon	v2	cent0
0.509999990	0.007960000	0.005001690	0.000320000
0.699999988	0.019130001	0.005008992	0.000260000
0.899999976	0.030719999	0.005024938	0.000270000
1.100000024	0.040750001	0.006029925	0.000320000
1.289999962	0.049199998	0.006053098	0.000400000
1.490000010	0.056699999	0.006067125	0.000500000
1.700000048	0.061700001	0.006082762	0.000600000
1.889999986	0.067299999	0.006100000	0.000700000
2.089999914	0.071099997	0.006100000	0.000900000
2.289999962	0.072700001	0.006100000	0.001200000
2.490000010	0.073200002	0.006118823	0.001500000
2.690000057	0.078199998	0.006118823	0.002000000
2.890000105	0.070600003	0.006100000	0.002700000
3.210000038	0.068999998	0.006100000	0.003200000
3.710000038	0.061500002	0.006082762	0.006000000
------------------------
kaon	v3	cent0
0.509999990	0.001499000	0.000501088	0.000600000
0.699999988	0.008250000	0.000626418	0.000500000
0.899999976	0.016000001	0.000984886	0.000500000
1.100000024	0.024000000	0.001300000	0.000600000
1.289999962	0.032699998	0.001746425	0.000700000
1.490000010	0.040800001	0.002193171	0.000800000
1.700000048	0.047600001	0.002549510	0.001000000
1.889999986	0.054900002	0.002863564	0.001300000
2.089999914	0.062399998	0.003310589	0.001600000
2.289999962	0.062399998	0.003310589	0.002000000
2.490000010	0.068700001	0.003624914	0.002700000
2.690000057	0.074400000	0.004346263	0.003500000
2.890000105	0.070299998	0.003757659	0.005000000
3.210000038	0.067599997	0.003534119	0.006000000
3.710000038	0.065399997	0.003443835	0.010000000
------------------------
kaon	v4	cent0
0.509999990	-0.003210000	0.001910497	0.001400000
0.699999988	0.004550000	0.002020916	0.001100000
0.899999976	0.007400000	0.002353721	0.001200000
1.100000024	0.013700000	0.003324154	0.001400000
1.289999962	0.017800000	0.004148494	0.001600000
1.490000010	0.026900001	0.005281098	0.002000000
1.700000048	0.033500001	0.006356886	0.002500000
1.889999986	0.037599999	0.006462198	0.003100000
2.089999914	0.036200002	0.006425729	0.004000000
2.289999962	0.046700001	0.007615773	0.005000000
2.490000010	0.053500000	0.008692526	0.007000000
2.690000057	0.047600001	0.008544005	0.009000000
2.890000105	0.050900001	0.008616264	0.011000000
3.210000038	0.067000002	0.010770329	0.014000000
3.710000038	0.041200001	0.006539113	0.024000000
------------------------
kaon	v2	cent1
0.509999990	0.021029999	0.005001690	0.000290000
0.699999988	0.039190002	0.006005206	0.000230000
0.899999976	0.057980001	0.006013318	0.000240000
1.100000024	0.074929997	0.006020797	0.000280000
1.299999952	0.089089997	0.006029925	0.000330000
1.490000010	0.102200001	0.006040696	0.000400000
1.700000048	0.112700000	0.006040696	0.000500000
1.889999986	0.120499998	0.007045566	0.000600000
2.089999914	0.126599997	0.007045566	0.000800000
2.289999962	0.129199997	0.007045566	0.001000000
2.490000010	0.131600007	0.007045566	0.001300000
2.690000057	0.133300006	0.007057620	0.001700000
2.890000105	0.136800006	0.007057620	0.002200000
3.210000038	0.128399998	0.007045566	0.002600000
3.710000038	0.121100001	0.007045566	0.004000000
------------------------
kaon	v3	cent1
0.509999990	0.003280000	0.000702567	0.000700000
0.699999988	0.011160000	0.000919837	0.000500000
0.899999976	0.020400001	0.001456022	0.000600000
1.100000024	0.030200001	0.001964688	0.000600000
1.299999952	0.039700001	0.002596151	0.000800000
1.490000010	0.049800001	0.003228002	0.000900000
1.700000048	0.056100000	0.003640055	0.001200000
1.889999986	0.064199999	0.004148494	0.001400000
2.089999914	0.071699999	0.004205948	0.001800000
2.289999962	0.073600002	0.005166236	0.002300000
2.490000010	0.082599998	0.005192302	0.003000000
2.690000057	0.083400004	0.005220153	0.004000000
2.890000105	0.089599997	0.005249762	0.005000000
3.210000038	0.075099997	0.005166236	0.006000000
3.710000038	0.057399999	0.003640055	0.010000000
------------------------
kaon	v4	cent1
0.509999990	0.004000000	0.002905581	0.001700000
0.699999988	0.006500000	0.004010499	0.001400000
0.899999976	0.010800000	0.005024938	0.001400000
1.100000024	0.020199999	0.008050467	0.001600000
1.299999952	0.030300001	0.011088734	0.002000000
1.490000010	0.041499998	0.013138113	0.002400000
1.700000048	0.044199999	0.013152947	0.003000000
1.889999986	0.049699999	0.013184840	0.004000000
2.089999914	0.044300001	0.011180339	0.005000000
2.289999962	0.064300001	0.015277762	0.006000000
2.490000010	0.071599998	0.016316863	0.008000000
2.690000057	0.063000001	0.014277255	0.010000000
2.890000105	0.075099997	0.016357264	0.013000000
3.210000038	0.092000000	0.020396078	0.015000000
3.710000038	0.047400001	0.010218121	0.027000001
------------------------
kaon	v2	cent2
0.509999990	0.032550000	0.002210000	0.000320000
0.699999988	0.057100002	0.002630589	0.000260000
0.899999976	0.081050001	0.003041381	0.000270000
1.100000024	0.102640003	0.003569314	0.000310000
1.289999962	0.121699996	0.004079216	0.000400000
1.490000010	0.136500001	0.004100000	0.000500000
1.700000048	0.148399994	0.005099020	0.000600000
1.889999986	0.158299997	0.005099020	0.000700000
2.089999914	0.163800001	0.005119571	0.000900000
2.289999962	0.167400002	0.005119571	0.001100000
2.490000010	0.170100003	0.005119571	0.001400000
2.690000057	0.170100003	0.005119571	0.001900000
2.890000105	0.169100001	0.005119571	0.002400000
3.210000038	0.166999996	0.005119571	0.002700000
3.710000038	0.156299993	0.005099020	0.005000000
------------------------
kaon	v3	cent2
0.509999990	0.004580000	0.001503330	0.000900000
0.699999988	0.014070000	0.001922004	0.000700000
0.899999976	0.024400000	0.002745906	0.000700000
1.100000024	0.035599999	0.004060788	0.000800000
1.289999962	0.043800000	0.004100000	0.001000000
1.490000010	0.053100001	0.005119571	0.001300000
1.700000048	0.059500001	0.006118823	0.001500000
1.889999986	0.071300000	0.007158910	0.001900000
2.089999914	0.075000003	0.007180529	0.002400000
2.289999962	0.082599998	0.008178632	0.003000000
2.490000010	0.075099997	0.007180529	0.004000000
2.690000057	0.079999998	0.007203471	0.005000000
2.890000105	0.088100001	0.008200000	0.007000000
3.210000038	0.068999998	0.006161169	0.007000000
3.710000038	0.081000000	0.007203471	0.013000000
------------------------
kaon	v4	cent2
0.509999990	0.002060000	0.003002016	0.002300000
0.699999988	0.013300000	0.009027180	0.001800000
0.899999976	0.019600000	0.011045361	0.001900000
1.100000024	0.028100001	0.013075167	0.002200000
1.289999962	0.043699998	0.019126944	0.002700000
1.490000010	0.052099999	0.021172859	0.003300000
1.700000048	0.048200000	0.018172780	0.004000000
1.889999986	0.058699999	0.021213204	0.005000000
2.089999914	0.059700001	0.020238824	0.006000000
2.289999962	0.072999999	0.024331050	0.008000000
2.490000010	0.041200001	0.013168523	0.010000000
2.690000057	0.075000003	0.024331050	0.013000000
2.890000105	0.070000000	0.022360679	0.017000001
3.210000038	0.093999997	0.029427877	0.018999999
3.710000038	0.032499999	0.010143471	0.033000000
------------------------
kaon	v2	cent3
0.509999990	0.042769998	0.001905151	0.000400000
0.699999988	0.069789998	0.002511494	0.000330000
0.899999976	0.097860001	0.003216970	0.000340000
1.100000024	0.121600002	0.004019951	0.000400000
1.289999962	0.141399994	0.004031129	0.000500000
1.490000010	0.158500001	0.005024938	0.000600000
1.700000048	0.169900000	0.005035871	0.000700000
1.889999986	0.180000007	0.005035871	0.000900000
2.089999914	0.186900005	0.006029925	0.001100000
2.289999962	0.190799996	0.006029925	0.001400000
2.490000010	0.187600002	0.006029925	0.001800000
2.690000057	0.190699995	0.006029925	0.002300000
2.890000105	0.196700007	0.006040696	0.003000000
3.210000038	0.179700002	0.005035871	0.003300000
3.710000038	0.172399998	0.005035871	0.006000000
------------------------
kaon	v3	cent3
0.509999990	0.007330000	0.002010995	0.001300000
0.699999988	0.015100000	0.002433105	0.001000000
0.899999976	0.025300000	0.003373425	0.001100000
1.100000024	0.036100000	0.004123106	0.001200000
1.289999962	0.044399999	0.005166236	0.001500000
1.490000010	0.056899998	0.006209670	0.001800000
1.700000048	0.063000001	0.007227724	0.002300000
1.889999986	0.068099998	0.008246211	0.002800000
2.089999914	0.077900000	0.009264987	0.003400000
2.289999962	0.084200002	0.009314504	0.004000000
2.490000010	0.077900000	0.009264987	0.006000000
2.690000057	0.073200002	0.008271034	0.007000000
2.890000105	0.082300000	0.009314504	0.009000000
3.210000038	0.076399997	0.008296988	0.010000000
3.710000038	0.079599999	0.009289240	0.017000001
------------------------
kaon	v4	cent3
0.509999990	0.005800000	0.005012235	0.003500000
0.699999988	0.011200000	0.007034913	0.002800000
0.899999976	0.023800001	0.013075167	0.003000000
1.100000024	0.039500002	0.019150978	0.003400000
1.289999962	0.039200000	0.018159295	0.004000000
1.490000010	0.056499999	0.023249947	0.005000000
1.700000048	0.066000000	0.026305893	0.006000000
1.889999986	0.079999998	0.030413812	0.008000000
2.089999914	0.081000000	0.029427877	0.010000000
2.289999962	0.081000000	0.028442927	0.012000000
2.490000010	0.082000002	0.028442927	0.016000001
2.690000057	0.100000001	0.033541020	0.020000000
2.890000105	0.056499999	0.018318295	0.026000001
3.210000038	0.097000003	0.031575307	0.028999999
3.710000038	0.082000002	0.026476406	0.050000001
------------------------
kaon	v2	cent4
0.509999990	0.049470000	0.001813394	0.000600000
0.699999988	0.078270003	0.002622137	0.000500000
0.899999976	0.108099997	0.003535534	0.000500000
1.100000024	0.130099997	0.004044750	0.000600000
1.289999962	0.151999995	0.005048762	0.000700000
1.490000010	0.168300003	0.005048762	0.000900000
1.700000048	0.181500003	0.006053098	0.001100000
1.889999986	0.191300005	0.006053098	0.001300000
2.089999914	0.194399998	0.006067125	0.001600000
2.289999962	0.197200000	0.006067125	0.002000000
2.490000010	0.196600005	0.006067125	0.002600000
2.690000057	0.199599996	0.006067125	0.003300000
2.890000105	0.202800006	0.006067125	0.004000000
3.210000038	0.197099999	0.006067125	0.005000000
3.710000038	0.197999999	0.006067125	0.008000000
------------------------
kaon	v3	cent4
0.509999990	0.007300000	0.002927456	0.002000000
0.699999988	0.016799999	0.004100000	0.001600000
0.899999976	0.028700000	0.005249762	0.001700000
1.100000024	0.036100000	0.006324556	0.002000000
1.289999962	0.041700002	0.007368175	0.002400000
1.490000010	0.052499998	0.009455686	0.003000000
1.700000048	0.066000000	0.011704700	0.004000000
1.889999986	0.066000000	0.011704700	0.005000000
2.089999914	0.064999998	0.011704700	0.006000000
2.289999962	0.071999997	0.012649111	0.007000000
2.490000010	0.051399998	0.009425497	0.009000000
2.690000057	0.071999997	0.012649111	0.012000000
2.890000105	0.055500001	0.009518928	0.015000000
3.210000038	0.062799998	0.010594809	0.016000001
3.710000038	0.111000001	0.018973665	0.027000001
------------------------
kaon	v4	cent4
0.509999990	0.006000000	0.005024938	0.008000000
0.699999988	0.023000000	0.012134249	0.006000000
0.899999976	0.026500000	0.012182364	0.007000000
1.100000024	0.048000000	0.019416487	0.008000000
1.289999962	0.057000000	0.021377558	0.009000000
1.490000010	0.039900001	0.014339108	0.011000000
1.700000048	0.063000001	0.021587033	0.014000000
1.889999986	0.098999999	0.032984845	0.017000001
2.089999914	0.093999997	0.030805843	0.021000000
2.289999962	0.064999998	0.021587033	0.027000001
2.490000010	0.127000004	0.041231055	0.034000002
2.690000057	0.156000003	0.051419843	0.039999999
2.890000105	0.001150000	0.004001013	0.059999999
3.210000038	0.177000001	0.051923022	0.059999999
3.710000038	0.123000003	0.041231055	0.100000001
------------------------
kaon	v2	cent5
0.509999990	0.001440000	0.001107655	0.001100000
0.699999988	0.007400000	0.001476482	0.000900000
0.899999976	0.009200000	0.001526434	0.000900000
1.100000024	0.014700000	0.002140094	0.001100000
1.289999962	0.021500001	0.002906888	0.001300000
1.490000010	0.020000000	0.002690725	0.001700000
1.700000048	0.023499999	0.003114482	0.002000000
1.889999986	0.027500000	0.003538361	0.002500000
2.089999914	0.027700000	0.003538361	0.003100000
2.289999962	0.027700000	0.003538361	0.004000000
2.490000010	0.036899999	0.004738143	0.005000000
2.690000057	0.027500000	0.003538361	0.006000000
2.890000105	0.033599999	0.004313931	0.008000000
3.210000038	0.043000001	0.005656855	0.009000000
3.710000038	0.020800000	0.002765863	0.015000000
------------------------
kaon	v3	cent5
0.509999990	0.051630002	0.002217747	0.000900000
0.699999988	0.082300000	0.003238827	0.000800000
0.899999976	0.112099998	0.004044750	0.000800000
1.100000024	0.133800000	0.005048762	0.001000000
1.289999962	0.152500004	0.006053098	0.001200000
1.490000010	0.168699995	0.006067125	0.001500000
1.700000048	0.180199996	0.007071068	0.001800000
1.899999976	0.189300001	0.007071068	0.002200000
2.089999914	0.191799998	0.007085902	0.002700000
2.289999962	0.193399996	0.007085902	0.003400000
2.490000010	0.202999994	0.007085902	0.004000000
2.690000057	0.196199998	0.007085902	0.006000000
2.890000105	0.186800003	0.007071068	0.007000000
3.210000038	0.195800006	0.007085902	0.008000000
3.710000038	0.187000006	0.007071068	0.012000000
------------------------
kaon	v4	cent5
0.509999990	0.007700000	0.004148494	0.003500000
0.699999988	0.015900001	0.005503635	0.002900000
0.899999976	0.027700000	0.008944273	0.003100000
1.100000024	0.026000001	0.008062257	0.004000000
1.289999962	0.043000001	0.012529965	0.004000000
1.490000010	0.041000001	0.012529965	0.006000000
1.700000048	0.050999999	0.014764823	0.007000000
1.899999976	0.064999998	0.019723084	0.008000000
2.089999914	0.039999999	0.012529965	0.010000000
2.289999962	0.059000000	0.017492855	0.013000000
2.490000010	0.074000001	0.021954497	0.016000001
2.690000057	0.030999999	0.010295630	0.021000000
2.890000105	-0.003400000	0.003535534	0.027000001
3.210000038	0.092000000	0.026925825	0.028000001
3.710000038	-0.006300000	0.004100000	0.050000001
------------------------
proton	v2	cent0
0.519999981	0.000728000	0.005000004	0.000400000
0.699999988	0.005660000	0.005000250	0.000300000
0.899999976	0.013630000	0.005001210	0.000270000
1.100000024	0.025030000	0.005003999	0.000270000
1.299999952	0.037080001	0.005008992	0.000310000
1.500000000	0.048900001	0.006013318	0.000400000
1.690000057	0.060800001	0.006020797	0.000400000
1.889999986	0.069700003	0.006029925	0.000500000
2.089999914	0.077299997	0.006029925	0.000700000
2.289999962	0.084299996	0.006040696	0.000900000
2.490000010	0.091700003	0.007034913	0.001100000
2.690000057	0.095500000	0.007045566	0.001400000
2.890000105	0.098800004	0.007045566	0.001800000
3.200000048	0.094099998	0.007045566	0.002700000
3.700000048	0.107600003	0.007057620	0.005000000
------------------------
proton	v3	cent0
0.519999981	-0.002139000	0.001200202	0.000700000
0.699999988	-0.000613000	0.001200015	0.000500000
0.899999976	0.005830000	0.001201499	0.000500000
1.100000024	0.014450000	0.001408013	0.000500000
1.299999952	0.023770001	0.001619413	0.000500000
1.500000000	0.036200002	0.002137756	0.000600000
1.690000057	0.047100000	0.002549510	0.000800000
1.889999986	0.059000000	0.003059412	0.001000000
2.089999914	0.067000002	0.003471311	0.001200000
2.289999962	0.076399997	0.004079216	0.001500000
2.490000010	0.086099997	0.004100000	0.002000000
2.690000057	0.087300003	0.004100000	0.002500000
2.890000105	0.094300002	0.005099020	0.003200000
3.200000048	0.104599997	0.005119571	0.005000000
3.700000048	0.106600001	0.005119571	0.009000000
------------------------
proton	v4	cent0
0.519999981	0.000489000	0.001200282	0.001800000
0.699999988	-0.002010000	0.001404315	0.001300000
0.899999976	0.001690000	0.001303112	0.001100000
1.100000024	0.007500000	0.002039608	0.001200000
1.299999952	0.015500000	0.003298484	0.001300000
1.500000000	0.024100000	0.004205948	0.001500000
1.690000057	0.034699999	0.006264184	0.001900000
1.889999986	0.041900001	0.007337575	0.002300000
2.089999914	0.048300002	0.008381528	0.002900000
2.289999962	0.058800001	0.009518928	0.004000000
2.490000010	0.067199998	0.011543396	0.005000000
2.690000057	0.068000004	0.011704700	0.006000000
2.890000105	0.068999998	0.011704700	0.008000000
3.200000048	0.083999999	0.013601471	0.012000000
3.700000048	0.101999998	0.016763056	0.022000000
------------------------
proton	v2	cent1
0.519999981	0.006770000	0.005000250	0.000400000
0.699999988	0.016060000	0.005001690	0.000260000
0.899999976	0.031649999	0.005006246	0.000230000
1.100000024	0.051229998	0.006013318	0.000240000
1.299999952	0.071580000	0.006029925	0.000270000
1.500000000	0.092390001	0.006040696	0.000320000
1.690000057	0.110900000	0.006067125	0.000400000
1.889999986	0.127100006	0.007071068	0.000500000
2.089999914	0.141599998	0.007085902	0.000600000
2.289999962	0.152199998	0.007102112	0.000800000
2.490000010	0.162699997	0.007119691	0.001000000
2.690000057	0.170900002	0.008121576	0.001200000
2.890000105	0.174899995	0.008121576	0.001600000
3.200000048	0.176300004	0.008121576	0.002300000
3.700000048	0.174799994	0.008121576	0.004000000
------------------------
proton	v3	cent1
0.519999981	0.000322000	0.000800010	0.000900000
0.699999988	0.003280000	0.000800999	0.000600000
0.899999976	0.010540000	0.001008415	0.000500000
1.100000024	0.020380000	0.001519079	0.000600000
1.299999952	0.031300001	0.002039608	0.000600000
1.500000000	0.044599999	0.002844292	0.000700000
1.690000057	0.057900000	0.004060788	0.000900000
1.889999986	0.070900001	0.004100000	0.001100000
2.089999914	0.079400003	0.005099020	0.001400000
2.289999962	0.093199998	0.006100000	0.001800000
2.490000010	0.097499996	0.006118823	0.002200000
2.690000057	0.103500001	0.006118823	0.002800000
2.890000105	0.111800000	0.007119691	0.004000000
3.200000048	0.120200001	0.007138628	0.005000000
3.700000048	0.114900000	0.007138628	0.010000000
------------------------
proton	v4	cent1
0.519999981	-0.000765000	0.002300105	0.002200000
0.699999988	0.003920000	0.003102322	0.001500000
0.899999976	0.007150000	0.004005509	0.001400000
1.100000024	0.012900000	0.006013318	0.001400000
1.299999952	0.025800001	0.009035485	0.001600000
1.500000000	0.034699999	0.011045361	0.001900000
1.690000057	0.049899999	0.015074814	0.002300000
1.889999986	0.057000000	0.015096026	0.002800000
2.089999914	0.073200002	0.019126944	0.004000000
2.289999962	0.079400003	0.019138703	0.005000000
2.490000010	0.089500003	0.021160340	0.006000000
2.690000057	0.093000002	0.021172859	0.007000000
2.890000105	0.100500003	0.022203602	0.009000000
3.200000048	0.083499998	0.018172780	0.014000000
3.700000048	0.130999997	0.027294688	0.025000000
------------------------
proton	v2	cent2
0.519999981	0.014600000	0.001901289	0.000400000
0.699999988	0.028740000	0.002005617	0.000290000
0.899999976	0.050190002	0.002314649	0.000260000
1.100000024	0.076569997	0.002828427	0.000270000
1.299999952	0.102899998	0.003436568	0.000300000
1.500000000	0.128399998	0.004060788	0.000400000
1.690000057	0.151400000	0.005063596	0.000400000
1.889999986	0.172299996	0.005080354	0.000500000
2.089999914	0.189300001	0.006082762	0.000700000
2.289999962	0.202900007	0.006082762	0.000900000
2.490000010	0.214000002	0.006100000	0.001100000
2.690000057	0.222700000	0.006100000	0.001400000
2.890000105	0.231299996	0.007102112	0.001700000
3.200000048	0.230000004	0.007102112	0.002400000
3.710000038	0.226600006	0.007102112	0.004000000
------------------------
proton	v3	cent2
0.519999981	0.003610000	0.001201499	0.001100000
0.699999988	0.006830000	0.001303840	0.000800000
0.899999976	0.014130000	0.001714176	0.000700000
1.100000024	0.027000001	0.002729469	0.000700000
1.299999952	0.038899999	0.004044750	0.000800000
1.500000000	0.052400000	0.005063596	0.001000000
1.690000057	0.065200001	0.006082762	0.001200000
1.889999986	0.078599997	0.007102112	0.001500000
2.089999914	0.089100003	0.008121576	0.001800000
2.289999962	0.102300003	0.009141115	0.002300000
2.490000010	0.106500000	0.010127191	0.003000000
2.690000057	0.118400000	0.011146300	0.004000000
2.890000105	0.128600001	0.012165525	0.005000000
3.200000048	0.130999997	0.012165525	0.007000000
3.710000038	0.139799997	0.013168523	0.012000000
------------------------
proton	v4	cent2
0.519999981	0.002300000	0.003101032	0.002900000
0.699999988	0.003730000	0.003502799	0.002000000
0.899999976	0.011700000	0.007011419	0.001800000
1.100000024	0.020800000	0.010031949	0.001900000
1.299999952	0.034000002	0.015047924	0.002100000
1.500000000	0.047400001	0.019075900	0.002500000
1.690000057	0.061799999	0.023114715	0.003100000
1.889999986	0.073600002	0.026139816	0.004000000
2.089999914	0.090899996	0.031175150	0.005000000
2.289999962	0.092799999	0.030192051	0.006000000
2.490000010	0.115999997	0.040199503	0.008000000
2.690000057	0.126000002	0.040311288	0.010000000
2.890000105	0.115000002	0.040199503	0.013000000
3.200000048	0.116999999	0.040199503	0.017999999
3.710000038	0.152999997	0.050358716	0.032000002
------------------------
proton	v2	cent3
0.519999981	0.023019999	0.001802776	0.000500000
0.699999988	0.041639999	0.002106870	0.000350000
0.899999976	0.067440003	0.002615033	0.000320000
1.100000024	0.096850000	0.003324154	0.000340000
1.299999952	0.127399996	0.004031129	0.000400000
1.490000010	0.155699998	0.005048762	0.000500000
1.690000057	0.180899993	0.005063596	0.000600000
1.889999986	0.202600002	0.006053098	0.000700000
2.089999914	0.219799995	0.007057620	0.000900000
2.289999962	0.235100001	0.007071068	0.001100000
2.490000010	0.245900005	0.007071068	0.001400000
2.690000057	0.257699996	0.008075272	0.001800000
2.890000105	0.263300002	0.008075272	0.002200000
3.200000048	0.264200002	0.008075272	0.003100000
3.710000038	0.268900007	0.008075272	0.005000000
------------------------
proton	v3	cent3
0.519999981	0.007290000	0.001905912	0.001600000
0.699999988	0.009360000	0.002009005	0.001100000
0.899999976	0.018400000	0.002630589	0.001000000
1.100000024	0.030300001	0.004044750	0.001000000
1.299999952	0.045699999	0.005080354	0.001200000
1.490000010	0.054699998	0.006100000	0.001400000
1.690000057	0.071900003	0.008139411	0.001700000
1.889999986	0.083800003	0.009159148	0.002200000
2.089999914	0.097000003	0.011180339	0.002700000
2.289999962	0.099299997	0.011180339	0.003500000
2.490000010	0.113600001	0.012218429	0.004000000
2.690000057	0.118600003	0.013219682	0.006000000
2.890000105	0.115099996	0.013201894	0.007000000
3.200000048	0.137099996	0.015259095	0.010000000
3.710000038	0.123199999	0.013238203	0.017000001
------------------------
proton	v4	cent3
0.519999981	0.003110000	0.003402485	0.004000000
0.699999988	0.004780000	0.004004997	0.003000000
0.899999976	0.015200000	0.008022469	0.002800000
1.100000024	0.030300001	0.015056228	0.002900000
1.299999952	0.040600002	0.018080099	0.003300000
1.490000010	0.058100000	0.024129856	0.004000000
1.690000057	0.069499999	0.027166156	0.005000000
1.889999986	0.070000000	0.026172506	0.006000000
2.089999914	0.097000003	0.034234487	0.008000000
2.289999962	0.105999999	0.040311288	0.010000000
2.490000010	0.123999998	0.040311288	0.012000000
2.690000057	0.126000002	0.040311288	0.015000000
2.890000105	0.147000000	0.050358716	0.020000000
3.200000048	0.150000006	0.050358716	0.027000001
3.710000038	0.123000003	0.040311288	0.050000001
------------------------
proton	v2	cent4
0.519999981	0.031319998	0.001609006	0.000700000
0.699999988	0.053350002	0.002118584	0.000500000
0.899999976	0.082199998	0.002828427	0.000400000
1.100000024	0.113499999	0.004044750	0.000500000
1.299999952	0.145600006	0.005063596	0.000500000
1.490000010	0.174199998	0.006067125	0.000700000
1.690000057	0.199000001	0.006100000	0.000800000
1.889999986	0.220799997	0.007102112	0.001000000
2.089999914	0.241300002	0.008104937	0.001300000
2.289999962	0.252400011	0.008104937	0.001700000
2.490000010	0.262600005	0.008121576	0.002100000
2.690000057	0.268599987	0.008121576	0.002600000
2.890000105	0.280600011	0.009124143	0.003300000
3.200000048	0.275099993	0.009124143	0.004000000
3.710000038	0.285699993	0.009124143	0.008000000
------------------------
proton	v3	cent4
0.519999981	0.005190000	0.002406741	0.002400000
0.699999988	0.013200000	0.003140064	0.001700000
0.899999976	0.020400001	0.004060788	0.001600000
1.100000024	0.036300000	0.006139218	0.001700000
1.299999952	0.050099999	0.008178632	0.001900000
1.490000010	0.062500000	0.010239141	0.002300000
1.690000057	0.070500001	0.011258774	0.002900000
1.889999986	0.089000002	0.014339108	0.004000000
2.089999914	0.095299996	0.015358711	0.005000000
2.289999962	0.098899998	0.016357264	0.006000000
2.490000010	0.109999999	0.017464250	0.007000000
2.690000057	0.119999997	0.019416487	0.009000000
2.890000105	0.112000003	0.018439088	0.012000000
3.200000048	0.125000000	0.020396078	0.016000001
3.710000038	0.116999999	0.019416487	0.028000001
------------------------
proton	v4	cent4
0.519999981	0.010500000	0.009079647	0.009000000
0.699999988	0.016899999	0.010178899	0.006000000
0.899999976	0.024200000	0.012300001	0.006000000
1.100000024	0.039000001	0.016492423	0.006000000
1.299999952	0.050999999	0.019924859	0.007000000
1.490000010	0.074000001	0.027202941	0.009000000
1.690000057	0.086999997	0.030675722	0.011000000
1.889999986	0.104999997	0.036055513	0.014000000
2.089999914	0.109999999	0.037000000	0.017000001
2.289999962	0.122000001	0.042379238	0.022000000
2.490000010	0.145999998	0.052497622	0.028000001
2.690000057	0.138999999	0.043081317	0.035000000
2.890000105	0.180999994	0.063245550	0.039999999
3.200000048	0.136000007	0.042720016	0.059999999
3.710000038	0.226999998	0.074672617	0.109999999
------------------------
proton	v2	cent5
0.519999981	0.035969999	0.001609006	0.001100000
0.699999988	0.060600001	0.002417458	0.000800000
0.899999976	0.091399997	0.003423449	0.000700000
1.100000024	0.124600001	0.005035871	0.000800000
1.299999952	0.156000003	0.006053098	0.000900000
1.490000010	0.182999998	0.007057620	0.001100000
1.690000057	0.208299994	0.008062258	0.001400000
1.889999986	0.225600004	0.008075272	0.001800000
2.089999914	0.242500007	0.009079647	0.002300000
2.289999962	0.260199994	0.009093404	0.002900000
2.490000010	0.266999990	0.010084146	0.004000000
2.690000057	0.272100002	0.010084146	0.005000000
2.890000105	0.271699995	0.010084146	0.006000000
3.200000048	0.276899993	0.010084146	0.008000000
3.710000038	0.279700011	0.010084146	0.014000000
------------------------
proton	v3	cent5
0.519999981	0.008400000	0.006020797	0.004000000
0.699999988	0.012500000	0.006040696	0.002800000
0.899999976	0.019900000	0.007085902	0.002700000
1.100000024	0.035300002	0.010178899	0.003000000
1.299999952	0.046200000	0.013238203	0.003500000
1.490000010	0.047200002	0.013257451	0.004000000
1.690000057	0.061299998	0.016357264	0.005000000
1.889999986	0.090000004	0.023537206	0.007000000
2.089999914	0.072999999	0.019416487	0.009000000
2.289999962	0.092000000	0.024515303	0.011000000
2.490000010	0.105999999	0.027658634	0.014000000
2.690000057	0.107000001	0.027658634	0.017999999
2.890000105	0.100000001	0.026476406	0.022000000
3.200000048	0.090999998	0.023537206	0.029999999
3.710000038	0.014000000	0.006053098	0.050000001
------------------------
